v(drain) ie(drain) ih(drain) it(drain) v(gate) ie(gate) ih(gate) it(gate) v(source) ie(source) ih(source) it(source) v(body) ie(body) ih(body) it(body)
0.1 1.763331577193411e-12 1.7114539972690373e-24 1.7633315771951225e-12 -0.1 0.0 0.0 0.0 0.0 -1.7633308996494663e-12 -9.498775576419343e-37 -1.7633308996494663e-12 0.0 -4.9224815572771224e-21 -1.9100558118265568e-21 -6.83253736910368e-21
0.1 3.3769356831837375e-12 1.711441902209668e-24 3.376935683185449e-12 -0.07500000000000001 0.0 0.0 0.0 0.0 -3.376934659834596e-12 -1.0706700479992694e-36 -3.376934659834596e-12 0.0 -4.922769170691286e-21 -1.8533189255799695e-21 -6.776088096271256e-21
0.1 6.465762712592391e-12 1.7114298512633955e-24 6.465762712594102e-12 -0.05000000000000001 0.0 0.0 0.0 0.0 -6.465763375775162e-12 -1.2126313852707982e-36 -6.465763375775162e-12 0.0 -4.9230664867987316e-21 -1.9673685633418116e-21 -6.890435050140543e-21
0.1 1.2375143220903224e-11 1.711417848114915e-24 1.2375143220904934e-11 -0.02500000000000001 0.0 0.0 0.0 0.0 -1.2375143803177257e-11 -1.3733676039026603e-36 -1.2375143803177257e-11 0.0 -4.923374456933849e-21 -1.803547960261275e-21 -6.726922417195124e-21
0.1 2.3671711129894055e-11 1.711405900130933e-24 2.3671711129895768e-11 -6.938893903907228e-18 0.0 0.0 0.0 0.0 -2.3671710464149003e-11 -1.557370919437727e-36 -2.3671710464149003e-11 0.0 -4.923694408644008e-21 -1.8650226943319254e-21 -6.788717102975933e-21
0.1 4.524383993780607e-11 1.711394021656648e-24 4.524383993780778e-11 0.024999999999999994 0.0 0.0 0.0 0.0 -4.524384006915081e-11 -1.788514699145568e-36 -4.524384006915081e-11 0.0 -4.9240281308585125e-21 -1.8496124007662398e-21 -6.773640531624753e-21
0.1 8.638136156723463e-11 1.711382240242375e-24 8.638136156723633e-11 0.049999999999999996 0.0 0.0 0.0 0.0 -8.638136151594244e-11 -2.0649876385966693e-36 -8.638136151594244e-11 0.0 -4.924378072111241e-21 -1.9962879787950305e-21 -6.920666050906272e-21
0.1 1.646871494456224e-10 1.711370608350415e-24 1.646871494456241e-10 0.075 0.0 0.0 0.0 0.0 -1.6468714943747357e-10 -2.4188912366969866e-36 -1.6468714943747357e-10 0.0 -4.924747730838069e-21 -1.882920300543851e-21 -6.80766803138192e-21
0.1 3.1338382150146647e-10 1.7113592252173672e-24 3.133838215014682e-10 0.1 0.0 0.0 0.0 0.0 -3.1338382097361574e-10 -2.9065445987329045e-36 -3.1338382097361574e-10 0.0 -4.925142173751789e-21 -2.0118369642553287e-21 -6.936979138007117e-21
0.1 5.948241177951219e-10 1.7113482772692207e-24 5.948241177951237e-10 0.125 0.0 0.0 0.0 0.0 -5.948241170642709e-10 -3.596296059277748e-36 -5.948241170642709e-10 0.0 -4.925569062727244e-21 -1.9098166520323864e-21 -6.83538571475963e-21
0.1 1.1250810989214393e-09 1.711338111672216e-24 1.125081098921441e-09 0.15 0.0 0.0 0.0 0.0 -1.125081098201214e-09 -4.661726174481566e-36 -1.125081098201214e-09 0.0 -4.9260401478490565e-21 -1.9307062390271915e-21 -6.856746386876248e-21
0.1 2.117579115926028e-09 1.7113293668216812e-24 2.1175791159260294e-09 0.175 0.0 0.0 0.0 0.0 -2.1175791166122556e-09 -6.378273226008055e-36 -2.1175791166122556e-09 0.0 -4.926573688723367e-21 -1.892640808042539e-21 -6.819214496765905e-21
0.1 3.957273571215627e-09 1.7113231941748585e-24 3.957273571215628e-09 0.19999999999999998 0.0 0.0 0.0 0.0 -3.9572735713454675e-09 -9.2429605512389e-36 -3.9572735713454675e-09 0.0 -4.9271977320104436e-21 -1.9081547677842168e-21 -6.835352499794661e-21
0.1 7.317718593383773e-09 1.711321608305269e-24 7.3177185933837746e-09 0.22499999999999998 0.0 0.0 0.0 0.0 -7.317718593521937e-09 -1.4117739238773058e-35 -7.317718593521937e-09 0.0 -4.9279547025842855e-21 -1.889131134226385e-21 -6.817085836810671e-21
0.1 1.3322094338642004e-08 1.7113279683524586e-24 1.3322094338642006e-08 0.24999999999999997 0.0 0.0 0.0 0.0 -1.3322094337915912e-08 -2.2432750229225493e-35 -1.3322094337915912e-08 0.0 -4.9289052996304874e-21 -1.844353286253496e-21 -6.773258585883983e-21
0.1 2.3708931975991985e-08 1.711347473415144e-24 2.3708931975991988e-08 0.27499999999999997 0.0 0.0 0.0 0.0 -2.3708931975981956e-08 -3.639474262533245e-35 -2.3708931975981956e-08 0.0 -4.930127958113306e-21 -1.8604047606652328e-21 -6.790532718778538e-21
0.1 4.088826620946859e-08 1.7113873301957714e-24 4.088826620946859e-08 0.3 0.0 0.0 0.0 0.0 -4.088826620843176e-08 -5.898897141587392e-35 -4.088826620843176e-08 0.0 -4.931710769746538e-21 -1.888604262072283e-21 -6.820315031818821e-21
0.1 6.772697082455912e-08 1.7114561109130762e-24 6.772697082455912e-08 0.325 0.0 0.0 0.0 0.0 -6.77269708204208e-08 -9.378336462359063e-35 -6.77269708204208e-08 0.0 -4.933730907716214e-21 -1.8890684962800077e-21 -6.822799403996221e-21
0.1 1.0702005942221968e-07 1.7115621726387438e-24 1.0702005942221968e-07 0.35000000000000003 0.0 0.0 0.0 0.0 -1.0702005941855583e-07 -1.4421087786223746e-34 -1.0702005941855583e-07 0.0 -4.936234485146474e-21 -1.8220335412384886e-21 -6.758268026384963e-21
0.1 1.608735473202395e-07 1.7117118128789478e-24 1.608735473202395e-07 0.37500000000000006 0.0 0.0 0.0 0.0 -1.6087354732047326e-07 -2.127955972779661e-34 -1.6087354732047326e-07 0.0 -4.939224305039676e-21 -1.880017418038965e-21 -6.819241723078641e-21
0.1 2.3032815196284725e-07 1.7119081456254467e-24 2.3032815196284725e-07 0.4000000000000001 0.0 0.0 0.0 0.0 -2.3032815195700224e-07 -3.0075913163735092e-34 -2.3032815195700224e-07 0.0 -4.9426656721772026e-21 -1.8363178591093174e-21 -6.77898353128652e-21
0.1 3.153395985760448e-07 1.7121510432072096e-24 3.153395985760448e-07 0.4250000000000001 0.0 0.0 0.0 0.0 -3.153395985650191e-07 -4.079704199938906e-34 -3.153395985650191e-07 0.0 -4.946503981808861e-21 -1.9805862395176716e-21 -6.927090221326532e-21
0.1 4.1499392382328725e-07 1.7124377799084046e-24 4.1499392382328725e-07 0.4500000000000001 0.0 0.0 0.0 0.0 -4.149939238079898e-07 -5.332342839982538e-34 -4.149939238079898e-07 0.0 -4.9506773393924424e-21 -1.898818221779567e-21 -6.84949556117201e-21
0.1 5.277959246891133e-07 1.7127638934979203e-24 5.277959246891133e-07 0.47500000000000014 0.0 0.0 0.0 0.0 -5.277959246715462e-07 -6.746530715159511e-34 -5.277959246715462e-07 0.0 -4.955123881034528e-21 -1.9680834917161984e-21 -6.923207372750727e-21
0.1 6.519386448608142e-07 1.71312398976027e-24 6.519386448608142e-07 0.5000000000000001 0.0 0.0 0.0 0.0 -6.519386448409812e-07 -8.299630739183998e-34 -6.519386448409812e-07 0.0 -4.959782612111389e-21 -1.910888213291171e-21 -6.87067082540256e-21
0.1 7.855208354071485e-07 1.713512391599867e-24 7.855208354071485e-07 0.5250000000000001 0.0 0.0 0.0 0.0 -7.855208353847492e-07 -9.967708705223502e-34 -7.855208353847492e-07 0.0 -4.96459832274872e-21 -1.9186246110262533e-21 -6.883222933774973e-21
0.1 9.26704806092255e-07 1.713923610291758e-24 9.26704806092255e-07 0.5500000000000002 0.0 0.0 0.0 0.0 -9.267048060669136e-07 -1.1727979746433649e-33 -9.267048060669136e-07 0.0 -4.9695248575162556e-21 -1.9166003829344754e-21 -6.886125240450732e-21
0.1 1.0738168696794482e-06 1.714352645510437e-24 1.0738168696794482e-06 0.5750000000000002 0.0 0.0 0.0 0.0 -1.07381686965374e-06 -1.3559747658666706e-33 -1.07381686965374e-06 0.0 -4.974522485744891e-21 -1.9465852872606218e-21 -6.921107773005513e-21
0.1 1.2253985252963097e-06 1.7147951384089352e-24 1.2253985252963097e-06 0.6000000000000002 0.0 0.0 0.0 0.0 -1.225398525268756e-06 -1.544487100789651e-33 -1.225398525268756e-06 0.0 -4.97955793135334e-21 -2.0490406410306126e-21 -7.028598572383952e-21
0.1 1.3802203874679811e-06 1.715247413515295e-24 1.3802203874679811e-06 0.6250000000000002 0.0 0.0 0.0 0.0 -1.380220387439574e-06 -1.7368267459735992e-33 -1.380220387439574e-06 0.0 -4.984606739421996e-21 -1.9441359589448154e-21 -6.928742698366811e-21
0.1 1.5372717739617255e-06 1.7157064479364185e-24 1.5372717739617255e-06 0.6500000000000002 0.0 0.0 0.0 0.0 -1.537271773934282e-06 -1.9317530816057476e-33 -1.537271773934282e-06 0.0 -4.989649506581608e-21 -1.893336525662281e-21 -6.882986032243888e-21
0.1 1.6957370764074402e-06 1.716169801020626e-24 1.6957370764074402e-06 0.6750000000000003 0.0 0.0 0.0 0.0 -1.6957370783343264e-06 -2.1282637397043934e-33 -1.6957370783343264e-06 0.0 -4.994670637065313e-21 -1.8979814309767586e-21 -6.892652068042071e-21
0.1 1.8549673559945027e-06 1.7166355298611317e-24 1.8549673559945027e-06 0.7000000000000003 0.0 0.0 0.0 0.0 -1.8549673559683354e-06 -2.3255635107869727e-33 -1.8549673559683354e-06 0.0 -4.999658517686008e-21 -1.966685366628859e-21 -6.966343884314867e-21
0.1 2.014451254730805e-06 1.717102102301941e-24 2.014451254730805e-06 0.7250000000000003 0.0 0.0 0.0 0.0 -2.014451254705066e-06 -2.5230362532775154e-33 -2.014451254705066e-06 0.0 -5.004605662297269e-21 -1.9570556560922748e-21 -6.961661318389543e-21
0.1 2.1737894726220917e-06 1.717568321075597e-24 2.1737894726220917e-06 0.7500000000000003 0.0 0.0 0.0 0.0 -2.173789472594236e-06 -2.720188365772582e-33 -2.173789472594236e-06 0.0 -5.009505758714705e-21 -1.9606589872635944e-21 -6.9701647459783e-21
0.1 2.3326722595389908e-06 1.7180332565107876e-24 2.3326722595389908e-06 0.7750000000000004 0.0 0.0 0.0 0.0 -2.3326722595139745e-06 -2.9166671156305053e-33 -2.3326722595139745e-06 0.0 -5.014354777671262e-21 -2.0284639222105433e-21 -7.042818699881806e-21
0.1 2.490860970847411e-06 1.718496191493531e-24 2.490860970847411e-06 0.8000000000000004 0.0 0.0 0.0 0.0 -2.490860972289003e-06 -3.112161547377998e-33 -2.490860972289003e-06 0.0 -5.0191497677565914e-21 -1.97473555203733e-21 -6.993885319793922e-21
0.1 2.648173352672344e-06 1.7189565776150465e-24 2.648173352672344e-06 0.8250000000000004 0.0 0.0 0.0 0.0 -2.6481733526488342e-06 -3.3064724674040256e-33 -2.6481733526488342e-06 0.0 -5.023888690531031e-21 -1.9615371717520047e-21 -6.985425862283036e-21
0.1 2.8044711681131564e-06 1.7194139980668184e-24 2.8044711681131564e-06 0.8500000000000004 0.0 0.0 0.0 0.0 -2.8044711680924655e-06 -3.499438527594398e-33 -2.8044711680924655e-06 0.0 -5.0285704301638774e-21 -1.95386801825138e-21 -6.982438448415257e-21
0.1 2.9596511937723387e-06 1.7198681409025502e-24 2.9596511937723387e-06 0.8750000000000004 0.0 0.0 0.0 0.0 -2.959651193753694e-06 -3.690925957435313e-33 -2.959651193753694e-06 0.0 -5.0331943569757014e-21 -2.062505994849665e-21 -7.095700351825366e-21
0.1 3.1136375487082927e-06 1.7203187760427024e-24 3.1136375487082927e-06 0.9000000000000005 0.0 0.0 0.0 0.0 -3.1136375486902886e-06 -3.880851273559104e-33 -3.1136375486902886e-06 0.0 -5.0377605019242194e-21 -1.9877613949572195e-21 -7.02552189688144e-21
0.1 3.266375878297189e-06 1.7207657379087237e-24 3.266375878297189e-06 0.9250000000000005 0.0 0.0 0.0 0.0 -3.266375878278276e-06 -4.0691438983315545e-33 -3.266375878278276e-06 0.0 -5.04226939693997e-21 -1.980205139031339e-21 -7.022474535971309e-21
0.1 3.4178287011696835e-06 1.7212089115050933e-24 3.4178287011696835e-06 0.9500000000000005 0.0 0.0 0.0 0.0 -3.417828702091433e-06 -4.2557797926607126e-33 -3.417828702091433e-06 0.0 -5.046721908793225e-21 -2.0459178999481643e-21 -7.09263980874139e-21
0.1 3.5679719549241533e-06 1.7216482221262497e-24 3.5679719549241533e-06 0.9750000000000005 0.0 0.0 0.0 0.0 -3.5679719557803435e-06 -4.44073269125888e-33 -3.5679719557803435e-06 0.0 -5.051118755725269e-21 -2.0153338603864072e-21 -7.066452616111676e-21
0.1 3.716791874057103e-06 1.722083625963828e-24 3.716791874057103e-06 1.0 0.0 0.0 0.0 0.0 -3.7167918748499972e-06 -4.623968197381819e-33 -3.7167918748499972e-06 0.0 -5.0554607442844074e-21 -2.0911994115962965e-21 -7.146660155880704e-21
