v(drain) ie(drain) ih(drain) it(drain) v(gate) ie(gate) ih(gate) it(gate) v(source) ie(source) ih(source) it(source) v(body) ie(body) ih(body) it(body)
0.1 2.5982345504617313e-12 1.7114539997519797e-24 2.5982345504634426e-12 -0.1 0.0 0.0 0.0 0.0 -2.5982335438378465e-12 -9.620088359446488e-37 -2.5982335438378465e-12 0.0 -4.979335800253344e-21 -1.8937487658424987e-21 -6.873084566095843e-21
0.1 4.998771312291294e-12 1.7114419070323587e-24 4.998771312293005e-12 -0.07500000000000001 0.0 0.0 0.0 0.0 -4.998772136797489e-12 -1.0971024086372553e-36 -4.998772136797489e-12 0.0 -4.979607626974189e-21 -1.808876654546321e-21 -6.78848428152051e-21
0.1 9.614518574471349e-12 1.7114298606257892e-24 9.61451857447306e-12 -0.05000000000000001 0.0 0.0 0.0 0.0 -9.614519087509682e-12 -1.2450264673939598e-36 -9.614519087509682e-12 0.0 -4.9798910461654605e-21 -1.953069523639496e-21 -6.932960569804956e-21
0.1 1.8483977518103936e-11 1.711417866277647e-24 1.8483977518105648e-11 -0.02500000000000001 0.0 0.0 0.0 0.0 -1.848397744967653e-11 -1.406701239674851e-36 -1.848397744967653e-11 0.0 -4.980187321188283e-21 -1.791947400287021e-21 -6.772134721475304e-21
0.1 3.551248338734254e-11 1.7114059353342455e-24 3.5512483387344254e-11 -6.938893903907228e-18 0.0 0.0 0.0 0.0 -3.5512482788247134e-11 -1.60983132326006e-36 -3.5512482788247134e-11 0.0 -4.980498059528931e-21 -1.858143015058889e-21 -6.83864107458782e-21
0.1 6.816844506304243e-11 1.7113940898103033e-24 6.816844506304414e-11 0.024999999999999994 0.0 0.0 0.0 0.0 -6.816844554768522e-11 -1.863204467228862e-36 -6.816844554768522e-11 0.0 -4.98082537306092e-21 -1.8468920067672737e-21 -6.827717379828194e-21
0.1 1.307012218713297e-10 1.711382371998445e-24 1.307012218713314e-10 0.049999999999999996 0.0 0.0 0.0 0.0 -1.3070122254438694e-10 -2.1729391789471132e-36 -1.3070122254438694e-10 0.0 -4.981172140753388e-21 -1.974330613890487e-21 -6.955502754643875e-21
0.1 2.50215517400612e-10 1.7113708626041115e-24 2.502155174006137e-10 0.075 0.0 0.0 0.0 0.0 -2.502155170327295e-10 -2.590429281665796e-36 -2.502155170327295e-10 0.0 -4.981542440305833e-21 -1.8752466913327646e-21 -6.856789131638597e-21
0.1 4.780587103728293e-10 1.7113597147352326e-24 4.78058710372831e-10 0.1 0.0 0.0 0.0 0.0 -4.780587107498073e-10 -3.1859095967081864e-36 -4.780587107498073e-10 0.0 -4.981942255384068e-21 -1.962370164547858e-21 -6.944312419931925e-21
0.1 9.10952202708169e-10 1.7113492169667703e-24 9.109522027081707e-10 0.125 0.0 0.0 0.0 0.0 -9.109522024662259e-10 -4.084913283380775e-36 -9.109522024662259e-10 0.0 -4.982380626634753e-21 -1.8986944503700305e-21 -6.881075077004783e-21
0.1 1.7296003479828899e-09 1.711339908551797e-24 1.7296003479828916e-09 0.15 0.0 0.0 0.0 0.0 -1.729600347718486e-09 -5.522544900591791e-36 -1.729600347718486e-09 0.0 -4.982871502534993e-21 -1.8944456391581093e-21 -6.877317141693102e-21
0.1 3.2675112585450446e-09 1.711332784766543e-24 3.2675112585450462e-09 0.175 0.0 0.0 0.0 0.0 -3.2675112586070773e-09 -7.925191594984204e-36 -3.2675112586070773e-09 0.0 -4.983436641781148e-21 -1.8618609254958235e-21 -6.84529756727697e-21
0.1 6.128760957611124e-09 1.711329648261343e-24 6.128760957611126e-09 0.19999999999999998 0.0 0.0 0.0 0.0 -6.128760958202946e-09 -1.206005025659813e-35 -6.128760958202946e-09 0.0 -4.984109938533857e-21 -1.9013277480531778e-21 -6.885437686587035e-21
0.1 1.1375829613292679e-08 1.7113336694281313e-24 1.137582961329268e-08 0.22499999999999998 0.0 0.0 0.0 0.0 -1.137582961458389e-08 -1.926695524283478e-35 -1.137582961458389e-08 0.0 -4.9849432446887525e-21 -1.7844381272552194e-21 -6.769381371943972e-21
0.1 2.0793229268032323e-08 1.711350172812454e-24 2.0793229268032326e-08 0.24999999999999997 0.0 0.0 0.0 0.0 -2.0793229271782002e-08 -3.1777468708988393e-35 -2.0793229271782002e-08 0.0 -4.986012666377919e-21 -1.793923350351397e-21 -6.779936016729317e-21
0.1 3.717195829221146e-08 1.7113874855843366e-24 3.717195829221146e-08 0.27499999999999997 0.0 0.0 0.0 0.0 -3.717195830330648e-08 -5.30625981055357e-35 -3.717195830330648e-08 0.0 -4.9874219112346655e-21 -1.791443151136168e-21 -6.778865062370834e-21
0.1 6.443829624733825e-08 1.7114573217103443e-24 6.443829624733825e-08 0.3 0.0 0.0 0.0 0.0 -6.44382962474054e-08 -8.798460152484027e-35 -6.44382962474054e-08 0.0 -4.989296430035719e-21 -1.7884868997473272e-21 -6.777783329783046e-21
0.1 1.0735475258194901e-07 1.7115738902130467e-24 1.0735475258194901e-07 0.325 0.0 0.0 0.0 0.0 -1.0735475262799611e-07 -1.4238631851103938e-34 -1.0735475262799611e-07 0.0 -4.991763453304485e-21 -1.8465905919644983e-21 -6.838354045268983e-21
0.1 1.7067981763384496e-07 1.7117513902533993e-24 1.7067981763384496e-07 0.35000000000000003 0.0 0.0 0.0 0.0 -1.706798176926741e-07 -2.221040818438578e-34 -1.706798176926741e-07 0.0 -4.994923508586308e-21 -1.8906481306522014e-21 -6.88557163923851e-21
0.1 2.581228664706505e-07 1.712000896115455e-24 2.581228664706505e-07 0.37500000000000006 0.0 0.0 0.0 0.0 -2.581228664704396e-07 -3.316492455673254e-34 -2.581228664704396e-07 0.0 -4.998829865938316e-21 -1.929042795417954e-21 -6.92787266135627e-21
0.1 3.7167160862494155e-07 1.712328353613555e-24 3.7167160862494155e-07 0.4000000000000001 0.0 0.0 0.0 0.0 -3.716716086654546e-07 -4.733473279132334e-34 -3.716716086654546e-07 0.0 -5.003486286033949e-21 -1.9307598526808235e-21 -6.934246138714772e-21
0.1 5.115462018276137e-07 1.7127344443005235e-24 5.115462018276137e-07 0.4250000000000001 0.0 0.0 0.0 0.0 -5.115462018582725e-07 -6.474510319061093e-34 -5.115462018582725e-07 0.0 -5.008857716850133e-21 -1.8536921024802774e-21 -6.86254981933041e-21
0.1 6.765843928239147e-07 1.713215733025502e-24 6.765843928239147e-07 0.4500000000000001 0.0 0.0 0.0 0.0 -6.765843928428165e-07 -8.524438399388504e-34 -6.765843928428165e-07 0.0 -5.014883932147623e-21 -1.8700695518981725e-21 -6.884953484045795e-21
0.1 8.647439362282793e-07 1.713766163968789e-24 8.647439362282793e-07 0.47500000000000014 0.0 0.0 0.0 0.0 -8.647439362400132e-07 -1.0857899555051047e-33 -8.647439362400132e-07 0.0 -5.021491078217564e-21 -1.8743257026692498e-21 -6.895816780886814e-21
0.1 1.073532746455124e-06 1.7143783406214203e-24 1.073532746455124e-06 0.5000000000000001 0.0 0.0 0.0 0.0 -1.073532746454865e-06 -1.3444069122051403e-33 -1.073532746454865e-06 0.0 -5.0286001733433954e-21 -1.963662991929008e-21 -6.992263165272403e-21
0.1 1.3003123780619176e-06 1.7150444282889743e-24 1.3003123780619176e-06 0.5250000000000001 0.0 0.0 0.0 0.0 -1.3003123780671893e-06 -1.625019953254637e-33 -1.3003123780671893e-06 0.0 -5.036132879545613e-21 -1.8953360751756185e-21 -6.931468954721231e-21
0.1 1.5424884455498154e-06 1.715756720053899e-24 1.5424884455498154e-06 0.5500000000000002 0.0 0.0 0.0 0.0 -1.5424884455531923e-06 -1.9244293746689814e-33 -1.5424884455531923e-06 0.0 -5.044015113738632e-21 -1.9542832958191398e-21 -6.998298409557771e-21
0.1 1.7976200071189397e-06 1.7165079618015636e-24 1.7976200071189397e-06 0.5750000000000002 0.0 0.0 0.0 0.0 -1.7976200071203386e-06 -2.2396403238186578e-33 -1.7976200071203386e-06 0.0 -5.052179086347664e-21 -1.8694206221090138e-21 -6.921599708456678e-21
0.1 2.063476767336742e-06 1.717291522268193e-24 2.063476767336742e-06 0.6000000000000002 0.0 0.0 0.0 0.0 -2.0634767673375963e-06 -2.5679061116216474e-33 -2.0634767673375963e-06 0.0 -5.0605642733608434e-21 -1.91227558763004e-21 -6.972839860990884e-21
0.1 2.338064235341016e-06 1.7181014680447558e-24 2.338064235341016e-06 0.6250000000000002 0.0 0.0 0.0 0.0 -2.3380642353412794e-06 -2.906764325045855e-33 -2.3380642353412794e-06 0.0 -5.069117695156674e-21 -2.0134984287271926e-21 -7.082616123883867e-21
0.1 2.619629215249872e-06 1.718932580296504e-24 2.619629215249872e-06 0.6500000000000002 0.0 0.0 0.0 0.0 -2.6196292152502754e-06 -3.254067058340137e-33 -2.6196292152502754e-06 0.0 -5.077793750790241e-21 -1.861622987338454e-21 -6.939416738128695e-21
0.1 2.906652880403814e-06 1.7197803346855025e-24 2.906652880403814e-06 0.6750000000000003 0.0 0.0 0.0 0.0 -2.9066528804044076e-06 -3.607950865454938e-33 -2.9066528804044076e-06 0.0 -5.0865537685242675e-21 -2.039780741370373e-21 -7.12633450989464e-21
0.1 3.1978358801991584e-06 1.7206408576436026e-24 3.1978358801991584e-06 0.7000000000000003 0.0 0.0 0.0 0.0 -3.197835880198225e-06 -3.966812950472169e-33 -3.197835880198225e-06 0.0 -5.0953653825702285e-21 -1.9177872088697777e-21 -7.013152591440006e-21
0.1 3.492078570920097e-06 1.7215108681221794e-24 3.492078570920097e-06 0.7250000000000003 0.0 0.0 0.0 0.0 -3.4920785709190947e-06 -4.329305238508515e-33 -3.4920785709190947e-06 0.0 -5.104201818767603e-21 -1.8947653528519997e-21 -6.998967171619603e-21
0.1 3.7884587654115285e-06 1.7223876118977823e-24 3.7884587654115285e-06 0.7500000000000003 0.0 0.0 0.0 0.0 -3.788458765411987e-06 -4.6943149731020695e-33 -3.788458765411987e-06 0.0 -5.113041153692286e-21 -1.946277189263464e-21 -7.05931834295575e-21
0.1 4.086208890956526e-06 1.723268794032818e-24 4.086208890956526e-06 0.7750000000000004 0.0 0.0 0.0 0.0 -4.086208890958633e-06 -5.060886067067944e-33 -4.086208890958633e-06 0.0 -5.121865596029709e-21 -2.02091699065715e-21 -7.14278258668686e-21
0.1 4.384693953882311e-06 1.7241525136483362e-24 4.384693953882311e-06 0.8000000000000004 0.0 0.0 0.0 0.0 -4.384693953883057e-06 -5.428235845011357e-33 -4.384693953883057e-06 0.0 -5.130660823086461e-21 -1.9573592035810032e-21 -7.088020026667465e-21
0.1 4.683391227358566e-06 1.7250372037431915e-24 4.683391227358566e-06 0.8250000000000004 0.0 0.0 0.0 0.0 -4.683391227358134e-06 -5.795741151547016e-33 -4.683391227358134e-06 0.0 -5.1394153908554704e-21 -1.8760619579756095e-21 -7.01547734883108e-21
0.1 4.981872154823608e-06 1.7259215775371737e-24 4.981872154823608e-06 0.8500000000000004 0.0 0.0 0.0 0.0 -4.981872154824241e-06 -6.162874079737472e-33 -4.981872154824241e-06 0.0 -5.1481202242776385e-21 -2.000351544938229e-21 -7.148471769215868e-21
0.1 5.279786633488607e-06 1.726804581841355e-24 5.279786633488607e-06 0.8750000000000004 0.0 0.0 0.0 0.0 -5.2797866334890336e-06 -6.52920968153542e-33 -5.2797866334890336e-06 0.0 -5.156768186171388e-21 -2.069068983259349e-21 -7.225837169430737e-21
0.1 5.576849619615134e-06 1.727685357294659e-24 5.576849619615134e-06 0.9000000000000005 0.0 0.0 0.0 0.0 -5.576849619616303e-06 -6.894396210292592e-33 -5.576849619616303e-06 0.0 -5.165353718373552e-21 -1.9951512390104966e-21 -7.160504957384048e-21
0.1 5.87282986670168e-06 1.7285632049155334e-24 5.87282986670168e-06 0.9250000000000005 0.0 0.0 0.0 0.0 -5.8728298667009685e-06 -7.258151012803212e-33 -5.8728298667009685e-06 0.0 -5.173872546236221e-21 -2.0189175902154216e-21 -7.192790136451642e-21
0.1 6.167540546192056e-06 1.7294375582319877e-24 6.167540546192056e-06 0.9500000000000005 0.0 0.0 0.0 0.0 -6.16754054619253e-06 -7.620271303609862e-33 -6.16754054619253e-06 0.0 -5.182321437057194e-21 -2.046320125886739e-21 -7.228641562943933e-21
0.1 6.460831484924496e-06 1.7303079602056567e-24 6.460831484924496e-06 0.9750000000000005 0.0 0.0 0.0 0.0 -6.460831484923591e-06 -7.980546460444946e-33 -6.460831484923591e-06 0.0 -5.190698003512776e-21 -2.0273235879686115e-21 -7.218021591481386e-21
0.1 6.75258276511758e-06 1.7311740441982795e-24 6.75258276511758e-06 1.0 0.0 0.0 0.0 0.0 -6.752582765117606e-06 -8.338847369917898e-33 -6.752582765117606e-06 0.0 -5.1990005440531765e-21 -2.1089693238427163e-21 -7.307969867895893e-21
