v(drain) ie(drain) ih(drain) it(drain) v(gate) ie(gate) ih(gate) it(gate) v(source) ie(source) ih(source) it(source) v(body) ie(body) ih(body) it(body)
0.1 3.411382432178866e-12 1.711454002179965e-24 3.4113824321805773e-12 -0.1 0.0 0.0 0.0 0.0 -3.4113830072139605e-12 -1.2505562850143e-36 -3.4113830072139605e-12 0.0 -5.7212113830874126e-21 -1.8822794703325722e-21 -7.603490853419985e-21
0.1 4.5657944924464603e-11 1.71140596561805e-24 4.5657944924466316e-11 0.0 0.0 0.0 0.0 0.0 -4.5657946131099135e-11 -2.0614706140984972e-36 -4.5657946131099135e-11 0.0 -5.722158656015395e-21 -2.066088043252783e-21 -7.788246699268177e-21
0.1 6.010732117683738e-10 1.7113600818112936e-24 6.010732117683756e-10 0.1 0.0 0.0 0.0 0.0 -6.010732106256306e-10 -3.9963644258778504e-36 -6.010732106256306e-10 0.0 -5.7233115563839505e-21 -1.999934658481141e-21 -7.723246214865092e-21
0.1 7.533877903261944e-09 1.7113338397810485e-24 7.533877903261946e-09 0.2 0.0 0.0 0.0 0.0 -7.533877903381793e-09 -1.4834626790997453e-35 -7.533877903381793e-09 0.0 -5.72507796498814e-21 -1.8326497712432585e-21 -7.557727736231399e-21
0.1 7.863921884484103e-08 1.7114996758738627e-24 7.863921884484103e-08 0.30000000000000004 0.0 0.0 0.0 0.0 -7.863921884518401e-08 -1.0735231109461006e-34 -7.863921884518401e-08 0.0 -5.729840321519304e-21 -1.8384497990294653e-21 -7.56829012054877e-21
0.1 4.7602320870444987e-07 1.7126397168346073e-24 4.7602320870444987e-07 0.4 0.0 0.0 0.0 0.0 -4.7602320870422445e-07 -6.058599496216804e-34 -4.7602320870422445e-07 0.0 -5.7453400629263495e-21 -1.8269768057292247e-21 -7.572316868655575e-21
0.1 1.4669385637153887e-06 1.7155536247955156e-24 1.4669385637153887e-06 0.5 0.0 0.0 0.0 0.0 -1.4669385637184672e-06 -1.8359233933864554e-33 -1.4669385637184672e-06 0.0 -5.776777602970411e-21 -1.9350595474419376e-21 -7.71183715041235e-21
0.1 2.9145318993142543e-06 1.7198385876521375e-24 2.9145318993142543e-06 0.6 0.0 0.0 0.0 0.0 -2.914531899313335e-06 -3.625602428709785e-33 -2.914531899313335e-06 0.0 -5.819000193368893e-21 -1.9148303150094776e-21 -7.733830508378372e-21
0.1 4.539312755875486e-06 1.7246638653807294e-24 4.539312755875486e-06 0.7 0.0 0.0 0.0 0.0 -4.539312755874609e-06 -5.630261958559643e-33 -4.539312755874609e-06 0.0 -5.864447316713595e-21 -2.107836546998149e-21 -7.972283863711745e-21
0.1 6.166796596667997e-06 1.7295079971732896e-24 6.166796596667997e-06 0.7999999999999999 0.0 0.0 0.0 0.0 -6.166796596680493e-06 -7.635534158086023e-33 -6.166796596680493e-06 0.0 -5.9087672509985466e-21 -2.1110926115708655e-21 -8.019859862569412e-21
0.1 7.727972984747445e-06 1.734162781519404e-24 7.727972984747445e-06 0.8999999999999999 0.0 0.0 0.0 0.0 -7.72797298474913e-06 -9.556990180524338e-33 -7.72797298474913e-06 0.0 -5.9504301001466644e-21 -1.907890484562759e-21 -7.858320584709424e-21
0.1 9.205205103211356e-06 1.7385734739283142e-24 9.205205103211356e-06 0.9999999999999999 0.0 0.0 0.0 0.0 -9.205205103211617e-06 -1.1373286348607555e-32 -9.205205103211617e-06 0.0 -5.989195867158566e-21 -2.0314446901293764e-21 -8.020640557287942e-21
0.2 4.764240769918533e-12 1.7476988488024763e-24 4.764240769920281e-12 -0.1 0.0 0.0 0.0 0.0 -4.7642415699859236e-12 -1.7828553845534218e-36 -4.7642415699859236e-12 0.0 -6.278588335461601e-21 -3.2147761194331276e-21 -9.493364454894728e-21
0.2 6.405959188599915e-11 1.7476491661741103e-24 6.40595918860009e-11 0.0 0.0 0.0 0.0 0.0 -6.405959012543632e-11 -2.927095533546749e-36 -6.405959012543632e-11 0.0 -6.280074280519925e-21 -3.1881116979363642e-21 -9.468185978456289e-21
0.2 8.461628819684295e-10 1.7476023417693404e-24 8.461628819684313e-10 0.1 0.0 0.0 0.0 0.0 -8.461628823032014e-10 -5.7015512724592415e-36 -8.461628823032014e-10 0.0 -6.281870836083045e-21 -3.1352145088835624e-21 -9.417085344966608e-21
0.2 1.0595403415277322e-08 1.7475834733736494e-24 1.0595403415277324e-08 0.2 0.0 0.0 0.0 0.0 -1.0595403415382469e-08 -2.100399238120582e-35 -1.0595403415382469e-08 0.0 -6.284474325028853e-21 -3.1491971176449238e-21 -9.433671442673777e-21
0.2 1.0923386309247771e-07 1.747836011029307e-24 1.0923386309247771e-07 0.30000000000000004 0.0 0.0 0.0 0.0 -1.0923386309255446e-07 -1.4968217514621565e-34 -1.0923386309255446e-07 0.0 -6.2907874970185375e-21 -3.189922871930059e-21 -9.480710368948596e-21
0.2 6.596173545855789e-07 1.7494657216505012e-24 6.596173545855789e-07 0.4 0.0 0.0 0.0 0.0 -6.596173545854025e-07 -8.416617591638219e-34 -6.596173545854025e-07 0.0 -6.311061140884548e-21 -3.133245698468646e-21 -9.444306839353194e-21
0.2 2.1187587170925638e-06 1.7538709150440375e-24 2.1187587170925638e-06 0.5 0.0 0.0 0.0 0.0 -2.1187587170921513e-06 -2.6583650118524207e-33 -2.1187587170921513e-06 0.0 -6.3560216286273904e-21 -3.1831739505193e-21 -9.53919557914669e-21
0.2 4.502226673038568e-06 1.7611173210476276e-24 4.502226673038568e-06 0.6 0.0 0.0 0.0 0.0 -4.502226673038593e-06 -5.618044830409917e-33 -4.502226673038593e-06 0.0 -6.424442704125949e-21 -3.3744014846620017e-21 -9.79884418878795e-21
0.2 7.480711041773886e-06 1.770221509527166e-24 7.480711041773886e-06 0.7 0.0 0.0 0.0 0.0 -7.480711041772775e-06 -9.315055399658901e-33 -7.480711041772775e-06 0.0 -6.506426342758204e-21 -3.316977508393647e-21 -9.823403851151852e-21
0.2 1.0669656006711124e-05 1.7800178762230367e-24 1.0669656006711124e-05 0.7999999999999999 0.0 0.0 0.0 0.0 -1.0669656006791336e-05 -1.3273611616004445e-32 -1.0669656006791336e-05 0.0 -6.5913436907262465e-21 -3.3417586482046517e-21 -9.933102338930898e-21
0.2 1.3824298475655352e-05 1.7897541615545174e-24 1.3824298475655352e-05 0.8999999999999999 0.0 0.0 0.0 0.0 -1.3824298475665989e-05 -1.7189794348060253e-32 -1.3824298475665989e-05 0.0 -6.672960165232846e-21 -3.333891983313921e-21 -1.0006852148546767e-20
0.2 1.6844935205681176e-05 1.7991168650748815e-24 1.6844935205681176e-05 0.9999999999999999 0.0 0.0 0.0 0.0 -1.68449352056827e-05 -2.0939027627902815e-32 -1.68449352056827e-05 0.0 -6.74910893311039e-21 -3.401293543220568e-21 -1.015040247633096e-20
0.3 6.289693264029723e-12 1.7487350104361036e-24 6.289693264031472e-12 -0.1 0.0 0.0 0.0 0.0 -6.28969373371101e-12 -2.3826448968499764e-36 -6.28969373371101e-12 0.0 -6.730956580341193e-21 -4.415379342331301e-21 -1.1146335922672494e-20
0.3 8.441953296159411e-11 1.7486846494052738e-24 8.441953296159585e-11 0.0 0.0 0.0 0.0 0.0 -8.441953276969953e-11 -3.907187625419656e-36 -8.441953276969953e-11 0.0 -6.732785341775984e-21 -4.2393439389072705e-21 -1.0972129280683254e-20
0.3 1.109688271985568e-09 1.748637859002787e-24 1.1096882719855696e-09 0.1 0.0 0.0 0.0 0.0 -1.1096882714075126e-09 -7.535904487938887e-36 -1.1096882714075126e-09 0.0 -6.7349482058750254e-21 -4.3242906814215575e-21 -1.1059238887296583e-20
0.3 1.3725940148009648e-08 1.748627057890759e-24 1.372594014800965e-08 0.2 0.0 0.0 0.0 0.0 -1.3725940147049165e-08 -2.736040679207055e-35 -1.3725940147049165e-08 0.0 -6.7379609944458486e-21 -4.2185377284732156e-21 -1.0956498722919064e-20
0.3 1.3748009372409065e-07 1.748955617213118e-24 1.3748009372409065e-07 0.30000000000000004 0.0 0.0 0.0 0.0 -1.374800937231108e-07 -1.8902668640291595e-34 -1.374800937231108e-07 0.0 -6.745024908186896e-21 -4.232807253438404e-21 -1.09778321616253e-20
0.3 8.032471939776749e-07 1.750937464913475e-24 8.032471939776749e-07 0.4 0.0 0.0 0.0 0.0 -8.032471939764326e-07 -1.0272525812611104e-33 -8.032471939764326e-07 0.0 -6.76780082696931e-21 -4.3295190737445985e-21 -1.1097319900713908e-20
0.3 2.5517074629081322e-06 1.7562298232580965e-24 2.5517074629081322e-06 0.5 0.0 0.0 0.0 0.0 -2.551707462907125e-06 -3.208143502491044e-33 -2.551707462907125e-06 0.0 -6.819399498373858e-21 -4.362145795173174e-21 -1.1181545293547032e-20
0.3 5.47810405286751e-06 1.7651517625492812e-24 5.47810405286751e-06 0.6 0.0 0.0 0.0 0.0 -5.478104052867179e-06 -6.851766632330386e-33 -5.478104052867179e-06 0.0 -6.900778847551903e-21 -4.428154867685748e-21 -1.1328933715237651e-20
0.3 9.351087824390847e-06 1.7770378844014414e-24 9.351087824390847e-06 0.7 0.0 0.0 0.0 0.0 -9.351087824389897e-06 -1.1678778867646496e-32 -9.351087824389897e-06 0.0 -7.004161844247778e-21 -4.4730465559383616e-21 -1.147720840018614e-20
0.3 1.3796082551236264e-05 1.7907750793781993e-24 1.3796082551236264e-05 0.7999999999999999 0.0 0.0 0.0 0.0 -1.3796082551235485e-05 -1.7228880327187934e-32 -1.3796082551235485e-05 0.0 -7.118403775569934e-21 -4.5211242640070824e-21 -1.1639528039577016e-20
0.3 1.8426520887824213e-05 1.8051873366493128e-24 1.8426520887824213e-05 0.8999999999999999 0.0 0.0 0.0 0.0 -1.8426520887864996e-05 -2.3019976578200643e-32 -1.8426520887864996e-05 0.0 -7.233082118024486e-21 -4.577961999026733e-21 -1.1811044117051218e-20
0.3 2.298276609468059e-05 1.819466237719727e-24 2.298276609468059e-05 0.9999999999999999 0.0 0.0 0.0 0.0 -2.2982766094691643e-05 -2.872440439493001e-32 -2.2982766094691643e-05 0.0 -7.341969932802054e-21 -4.5383603951782876e-21 -1.1880330327980342e-20
0.4 8.08930762045168e-12 1.749021226589447e-24 8.089307620453429e-12 -0.1 0.0 0.0 0.0 0.0 -8.089321435464862e-12 -3.086371457812521e-36 -8.089321435464862e-12 0.0 -7.193411161556358e-21 -5.480071931176878e-21 -1.2673483092733236e-20
0.4 1.0800100736315605e-10 1.748970191335922e-24 1.080010073631578e-10 0.0 0.0 0.0 0.0 0.0 -1.0800101924404668e-10 -5.04905313588128e-36 -1.0800101924404668e-10 0.0 -7.195481271079623e-21 -5.321488889533667e-21 -1.251697016061329e-20
0.4 1.4072146408120562e-09 1.7489235224300745e-24 1.4072146408120578e-09 0.1 0.0 0.0 0.0 0.0 -1.407214653310581e-09 -9.629977397323328e-36 -1.407214653310581e-09 0.0 -7.197876015807954e-21 -5.291603767050705e-21 -1.2489479782858658e-20
0.4 1.7120613907282825e-08 1.7489214792214543e-24 1.7120613907282828e-08 0.2 0.0 0.0 0.0 0.0 -1.7120613920595906e-08 -3.4315368029246427e-35 -1.7120613920595906e-08 0.0 -7.201125974399975e-21 -5.127826254734156e-21 -1.2328952229134131e-20
0.4 1.6605207811729334e-07 1.749326151202313e-24 1.6605207811729334e-07 0.30000000000000004 0.0 0.0 0.0 0.0 -1.6605207813206461e-07 -2.290921222542663e-34 -1.6605207813206461e-07 0.0 -7.20874727935765e-21 -5.252348837097043e-21 -1.2461096116454693e-20
0.4 9.361856859517876e-07 1.751626013136891e-24 9.361856859517876e-07 0.4 0.0 0.0 0.0 0.0 -9.361856859636454e-07 -1.200009301861574e-33 -9.361856859636454e-07 0.0 -7.233614465265951e-21 -5.211769109566342e-21 -1.2445383574832293e-20
0.4 2.9194735337339072e-06 1.7576378343651254e-24 2.9194735337339072e-06 0.5 0.0 0.0 0.0 0.0 -2.9194735337476414e-06 -3.677826891206657e-33 -2.9194735337476414e-06 0.0 -7.290197913373787e-21 -5.3135111104451255e-21 -1.2603709023818913e-20
0.4 6.235580419114283e-06 1.7677638615890186e-24 6.235580419114283e-06 0.6 0.0 0.0 0.0 0.0 -6.235580419128184e-06 -7.815634259646721e-33 -6.235580419128184e-06 0.0 -7.379982044610388e-21 -5.535420575530591e-21 -1.2915402620140979e-20
0.4 1.0697620612041878e-05 1.7814895856884403e-24 1.0697620612041878e-05 0.7 0.0 0.0 0.0 0.0 -1.069762061205546e-05 -1.33938978262519e-32 -1.069762061205546e-05 0.0 -7.495989392296951e-21 -5.547525459741383e-21 -1.3043514852038335e-20
0.4 1.60124801747567e-05 1.7979740258562445e-24 1.60124801747567e-05 0.7999999999999999 0.0 0.0 0.0 0.0 -1.6012480174769475e-05 -2.0059452567930865e-32 -1.6012480174769475e-05 0.0 -7.628609276547467e-21 -5.665781636030784e-21 -1.3294390912578252e-20
0.4 2.1823127755736465e-05 1.8161569982593373e-24 2.1823127755736465e-05 0.8999999999999999 0.0 0.0 0.0 0.0 -2.1823127755749892e-05 -2.737083041047817e-32 -2.1823127755749892e-05 0.0 -7.767479937459826e-21 -5.7406822679023995e-21 -1.3508162205362225e-20
0.4 2.7772772954008637e-05 1.8349435606488136e-24 2.7772772954008637e-05 0.9999999999999999 0.0 0.0 0.0 0.0 -2.77727729540447e-05 -3.487679708106347e-32 -2.77727729540447e-05 0.0 -7.903557485739906e-21 -5.8070280514437446e-21 -1.3710585537183652e-20
0.5 1.0209380134985766e-11 1.7492828761521872e-24 1.0209380134987516e-11 -0.1 0.0 0.0 0.0 0.0 -1.0209379339706792e-11 -3.930567965411285e-36 -1.0209379339706792e-11 0.0 -7.669179740730112e-21 -6.470050470349099e-21 -1.413923021107921e-20
0.5 1.3532147001205224e-10 1.7492311574968805e-24 1.35321470012054e-10 0.0 0.0 0.0 0.0 0.0 -1.3532147096644568e-10 -6.386983408534375e-36 -1.3532147096644568e-10 0.0 -7.67144170030284e-21 -6.362648674840119e-21 -1.403409037514296e-20
0.5 1.7443361726797931e-09 1.7491846935631078e-24 1.7443361726797948e-09 0.1 0.0 0.0 0.0 0.0 -1.7443361702882171e-09 -1.2028230246230299e-35 -1.7443361702882171e-09 0.0 -7.674008060499204e-21 -6.178012871810751e-21 -1.3852020932309956e-20
0.5 2.083877937282845e-08 1.7491922489742918e-24 2.0838779372828455e-08 0.2 0.0 0.0 0.0 0.0 -2.083877937377996e-08 -4.200485170432402e-35 -2.083877937377996e-08 0.0 -7.677434446993113e-21 -6.273378070673425e-21 -1.3950812517666538e-20
0.5 1.9562796873673361e-07 1.7496751055872684e-24 1.9562796873673361e-07 0.30000000000000004 0.0 0.0 0.0 0.0 -1.9562796873576718e-07 -2.708490479637535e-34 -1.9562796873576718e-07 0.0 -7.685586893823554e-21 -6.203756537482553e-21 -1.3889343431306108e-20
0.5 1.0647528782649076e-06 1.7522767141637744e-24 1.0647528782649076e-06 0.4 0.0 0.0 0.0 0.0 -1.0647528782654564e-06 -1.3680359877443224e-33 -1.0647528782654564e-06 0.0 -7.712414383927431e-21 -6.231328570171179e-21 -1.394374295409861e-20
0.5 3.2559840394016e-06 1.7589263474835446e-24 3.2559840394016e-06 0.5 0.0 0.0 0.0 0.0 -3.2559840393997263e-06 -4.110035629347169e-33 -3.2559840393997263e-06 0.0 -7.773211726778396e-21 -6.340751528445236e-21 -1.4113963255223632e-20
0.5 6.8957949175540826e-06 1.7700549935386033e-24 6.8957949175540826e-06 0.6 0.0 0.0 0.0 0.0 -6.895794917553864e-06 -8.661032648293424e-33 -6.895794917553864e-06 0.0 -7.869444785099907e-21 -6.531957980361091e-21 -1.4401402765461e-20
0.5 1.180725599288741e-05 1.7851908396888974e-24 1.180725599288741e-05 0.7 0.0 0.0 0.0 0.0 -1.180725599288628e-05 -1.481770221331228e-32 -1.180725599288628e-05 0.0 -7.994091198940365e-21 -6.656648695245414e-21 -1.4650739894185778e-20
0.5 1.773937308693993e-05 1.803639385563674e-24 1.773937308693993e-05 0.7999999999999999 0.0 0.0 0.0 0.0 -1.77393730869406e-05 -2.2284455731332054e-32 -1.77393730869406e-05 0.0 -8.138222323160016e-21 -6.845774798621032e-21 -1.4983997121781046e-20
0.5 2.4406749357086978e-05 1.8245852673270997e-24 2.4406749357086978e-05 0.8999999999999999 0.0 0.0 0.0 0.0 -2.440674935708441e-05 -3.0715223159002726e-32 -2.440674935708441e-05 0.0 -8.292714076517271e-21 -6.912748716279159e-21 -1.520546279279643e-20
0.5 3.1482380549086574e-05 1.8470515710815016e-24 3.1482380549086574e-05 0.9999999999999999 0.0 0.0 0.0 0.0 -3.148238054909309e-05 -3.969960691201712e-32 -3.148238054909309e-05 0.0 -8.448641323855901e-21 -6.899208706909593e-21 -1.5347850030765496e-20
0.6 1.270408852106789e-11 1.7495363649012345e-24 1.270408852106964e-11 -0.1 0.0 0.0 0.0 0.0 -1.2704077775903593e-11 -4.944240697209091e-36 -1.2704077775903593e-11 0.0 -8.159025737192965e-21 -7.505004762178552e-21 -1.5664030499371517e-20
0.6 1.6698433105058685e-10 1.7494839606795667e-24 1.669843310505886e-10 0.0 0.0 0.0 0.0 0.0 -1.6698431789661858e-10 -7.961106523049555e-36 -1.6698431789661858e-10 0.0 -8.161462595251215e-21 -7.42610579894909e-21 -1.5587568394200303e-20
0.6 2.127406053405633e-09 1.749437808399217e-24 2.1274060534056347e-09 0.1 0.0 0.0 0.0 0.0 -2.1274060403076685e-09 -1.4791471919777335e-35 -2.1274060403076685e-09 0.0 -8.164182869100806e-21 -7.277045273117855e-21 -1.5441228142218662e-20
0.6 2.4940010741009747e-08 1.7494559662315115e-24 2.494001074100975e-08 0.2 0.0 0.0 0.0 0.0 -2.4940010727593847e-08 -5.056522126802904e-35 -2.4940010727593847e-08 0.0 -8.167780462919296e-21 -7.227579650266395e-21 -1.539536011318569e-20
0.6 2.26683770704373e-07 1.7500203497756003e-24 2.26683770704373e-07 0.30000000000000004 0.0 0.0 0.0 0.0 -2.266837706914028e-07 -3.150101757418806e-34 -2.266837706914028e-07 0.0 -8.17650068904821e-21 -7.212554779213302e-21 -1.5389055468261514e-20
0.6 1.1921037883847056e-06 1.7529156217174473e-24 1.1921037883847056e-06 0.4 0.0 0.0 0.0 0.0 -1.1921037883700329e-06 -1.5354723030489096e-33 -1.1921037883700329e-06 0.0 -8.205236364940433e-21 -7.24067101666716e-21 -1.544590738160759e-20
0.6 3.5744027730598033e-06 1.760152003208757e-24 3.5744027730598033e-06 0.5 0.0 0.0 0.0 0.0 -3.574402773047223e-06 -4.5214574766292304e-33 -3.574402773047223e-06 0.0 -8.269738022368805e-21 -7.417361691713014e-21 -1.568709971408182e-20
0.6 7.499895935692609e-06 1.7721675881158923e-24 7.499895935692609e-06 0.6 0.0 0.0 0.0 0.0 -7.499895935680144e-06 -9.43960926732018e-33 -7.499895935680144e-06 0.0 -8.371242966736558e-21 -7.423900860721684e-21 -1.5795143827458242e-20
0.6 1.2789765954953003e-05 1.7884955944397365e-24 1.2789765954953003e-05 0.7 0.0 0.0 0.0 0.0 -1.2789765954940693e-05 -1.6087710052658757e-32 -1.2789765954940693e-05 0.0 -8.50243372773103e-21 -7.716018824752463e-21 -1.621845255248349e-20
0.6 1.920771971343737e-05 1.8085003737595752e-24 1.920771971343737e-05 0.7999999999999999 0.0 0.0 0.0 0.0 -1.9207719713422503e-05 -2.419265883165951e-32 -1.9207719713422503e-05 0.0 -8.654480232000211e-21 -7.69962756758077e-21 -1.635410779958098e-20
0.6 2.6512377345584385e-05 1.8315209728427512e-24 2.6512377345584385e-05 0.8999999999999999 0.0 0.0 0.0 0.0 -2.6512377345568847e-05 -3.3468650579561403e-32 -2.6512377345568847e-05 0.0 -8.818974927515654e-21 -7.801531316035056e-21 -1.662050624355071e-20
0.6 3.44388178086274e-05 1.8567982087916734e-24 3.44388178086274e-05 0.9999999999999999 0.0 0.0 0.0 0.0 -3.443881780861344e-05 -4.3588865889233e-32 -3.443881780861344e-05 0.0 -8.987961134753757e-21 -7.898620086390385e-21 -1.688658122114414e-20
0.7 1.5637950505262106e-11 1.7497830244107276e-24 1.5637950505263857e-11 -0.1 0.0 0.0 0.0 0.0 -1.563795126793848e-11 -6.154447620543206e-36 -1.563795126793848e-11 0.0 -8.663678755743241e-21 -8.468361547415795e-21 -1.7132040303159036e-20
0.7 2.0370114804713425e-10 1.7497299352259115e-24 2.03701148047136e-10 0.0 0.0 0.0 0.0 0.0 -2.0370114883551337e-10 -9.828942981567945e-36 -2.0370114883551337e-10 0.0 -8.66629362922861e-21 -8.317646013692785e-21 -1.6983939642921394e-20
0.7 2.563708913524543e-09 1.749684227086476e-24 2.5637089135245446e-09 0.1 0.0 0.0 0.0 0.0 -2.5637089143819003e-09 -1.798034560113961e-35 -2.5637089143819003e-09 0.0 -8.669174216420064e-21 -8.186179554261127e-21 -1.685535377068119e-20
0.7 2.948638820751014e-08 1.7497141651125026e-24 2.9486388207510143e-08 0.2 0.0 0.0 0.0 0.0 -2.948638820888268e-08 -6.017094698044797e-35 -2.948638820888268e-08 0.0 -8.672965420512009e-21 -8.128306843752462e-21 -1.6801272264264472e-20
0.7 2.595993190267254e-07 1.750364391694442e-24 2.595993190267254e-07 0.30000000000000004 0.0 0.0 0.0 0.0 -2.595993190256964e-07 -3.62183764586247e-34 -2.595993190256964e-07 0.0 -8.68231394603475e-21 -8.135361894683599e-21 -1.6817675840718347e-20
0.7 1.32022911058725e-06 1.7535501623340775e-24 1.32022911058725e-06 0.4 0.0 0.0 0.0 0.0 -1.3202291105867141e-06 -1.7050154777416116e-33 -1.3202291105867141e-06 0.0 -8.712934448843342e-21 -8.183056849305369e-21 -1.6895991298148712e-20
0.7 3.882002959416059e-06 1.761338356107325e-24 3.882002959416059e-06 0.5 0.0 0.0 0.0 0.0 -3.882002959416181e-06 -4.9214144915568066e-33 -3.882002959416181e-06 0.0 -8.780755938836098e-21 -8.319598335438475e-21 -1.710035427427457e-20
0.7 8.067382108559025e-06 1.7741626401833283e-24 8.067382108559025e-06 0.6 0.0 0.0 0.0 0.0 -8.06738210855978e-06 -1.0175983147119948e-32 -8.06738210855978e-06 0.0 -8.886688352139583e-21 -8.470765253013283e-21 -1.7357453605152867e-20
0.7 1.3692013343712364e-05 1.7915492242692405e-24 1.3692013343712364e-05 0.7 0.0 0.0 0.0 0.0 -1.3692013343713374e-05 -1.72628943358855e-32 -1.3692013343713374e-05 0.0 -9.023076338769749e-21 -8.605307174348917e-21 -1.7628383513118664e-20
0.7 2.0522335495791814e-05 1.812882530936352e-24 2.0522335495791814e-05 0.7999999999999999 0.0 0.0 0.0 0.0 -2.0522335495793562e-05 -2.591605592391039e-32 -2.0522335495793562e-05 0.0 -9.180967374574446e-21 -8.74666340911297e-21 -1.7927630783687416e-20
0.7 2.8338097298006192e-05 1.837581348270392e-24 2.8338097298006192e-05 0.8999999999999999 0.0 0.0 0.0 0.0 -2.8338097298005595e-05 -3.588025841151513e-32 -2.8338097298005595e-05 0.0 -9.352232621432079e-21 -8.730896979194676e-21 -1.8083129600626755e-20
0.7 3.6918644959399785e-05 1.865043835016046e-24 3.6918644959399785e-05 0.9999999999999999 0.0 0.0 0.0 0.0 -3.6918644959399636e-05 -4.6889381980208904e-32 -3.6918644959399636e-05 0.0 -9.529609116281389e-21 -9.031226069598573e-21 -1.8560835185879962e-20
0.7999999999999999 1.9086922053828616e-11 1.7500237230209116e-24 1.9086922053830367e-11 -0.1 0.0 0.0 0.0 0.0 -1.9086933979085588e-11 -7.62878264055881e-36 -1.9086933979085588e-11 0.0 -9.183880573211442e-21 -9.382980901269066e-21 -1.856686147448051e-20
0.7999999999999999 2.4629805633050666e-10 1.749969947641359e-24 2.462980563305084e-10 0.0 0.0 0.0 0.0 0.0 -2.462980699849504e-10 -1.2047291033040844e-35 -2.462980699849504e-10 0.0 -9.18668895121349e-21 -9.330162206488832e-21 -1.851685115770232e-20
0.7999999999999999 3.0614687448276423e-09 1.7499248394847877e-24 3.061468744827644e-09 0.1 0.0 0.0 0.0 0.0 -3.0614687565026936e-09 -2.1685045703186412e-35 -3.0614687565026936e-09 0.0 -9.189749942955235e-21 -9.200069125533927e-21 -1.8389819068489164e-20
0.7999999999999999 3.4542659798543634e-08 1.749967914234628e-24 3.4542659798543634e-08 0.2 0.0 0.0 0.0 0.0 -3.454265981201657e-08 -7.098097141179505e-35 -3.454265981201657e-08 0.0 -9.19377095169327e-21 -9.201183641155271e-21 -1.839495459284854e-20
0.7999999999999999 2.946924496061206e-07 1.750709082808315e-24 2.946924496061206e-07 0.30000000000000004 0.0 0.0 0.0 0.0 -2.9469244961883776e-07 -4.1290495492362e-34 -2.9469244961883776e-07 0.0 -9.203816481735816e-21 -9.096320624478749e-21 -1.8300137106214565e-20
0.7999999999999999 1.4504869430644354e-06 1.754185374004478e-24 1.4504869430644354e-06 0.4 0.0 0.0 0.0 0.0 -1.4504869430775762e-06 -1.878557197299548e-33 -1.4504869430775762e-06 0.0 -9.23630993499823e-21 -9.082180778990264e-21 -1.8318490713988495e-20
0.7999999999999999 4.183429568390257e-06 1.76250048903491e-24 4.183429568390257e-06 0.5 0.0 0.0 0.0 0.0 -4.183429568404062e-06 -5.3160050591230295e-33 -4.183429568404062e-06 0.0 -9.307142673428557e-21 -9.300753727597683e-21 -1.8607896401026238e-20
0.7999999999999999 8.609670969006213e-06 1.7760759761055197e-24 8.609670969006213e-06 0.6 0.0 0.0 0.0 0.0 -8.609670969020038e-06 -1.0884806248760808e-32 -8.609670969020038e-06 0.0 -9.416843570409915e-21 -9.395543981490486e-21 -1.8812387551900402e-20
0.7999999999999999 1.4538545459365872e-05 1.7944280394555847e-24 1.4538545459365872e-05 0.7 0.0 0.0 0.0 0.0 -1.4538545459379653e-05 -1.8374470533383857e-32 -1.4538545459379653e-05 0.0 -9.557444496129536e-21 -9.54758490630891e-21 -1.9105029402438446e-20
0.7999999999999999 2.173448247180044e-05 1.816945360078628e-24 2.173448247180044e-05 0.7999999999999999 0.0 0.0 0.0 0.0 -2.173448247181452e-05 -2.75196478863914e-32 -2.173448247181452e-05 0.0 -9.719811829588032e-21 -9.684041687464876e-21 -1.9403853517052908e-20
0.7999999999999999 2.9986029635908006e-05 1.8430858464855562e-24 2.9986029635908006e-05 0.8999999999999999 0.0 0.0 0.0 0.0 -2.9986029635921064e-05 -3.8079628064658675e-32 -2.9986029635921064e-05 0.0 -9.895880410058461e-21 -9.754033286383461e-21 -1.9649913696441922e-20
0.7999999999999999 3.909813544451624e-05 1.8723425888067542e-24 3.909813544451624e-05 0.9999999999999999 0.0 0.0 0.0 0.0 -3.909813544452944e-05 -4.98244955363601e-32 -3.909813544452944e-05 0.0 -1.00787656224889e-20 -9.924294584089207e-21 -2.0003060206578108e-20
0.8999999999999999 2.313982607911053e-11 1.7502591948975332e-24 2.313982607911228e-11 -0.1 0.0 0.0 0.0 0.0 -2.313982528762272e-11 -9.42426478867132e-36 -2.313982528762272e-11 0.0 -9.720345918873286e-21 -1.0553131368892678e-20 -2.0273477287765964e-20
0.8999999999999999 2.957271984744185e-10 1.750204727382129e-24 2.9572719847442026e-10 0.0 0.0 0.0 0.0 0.0 -2.957271983520244e-10 -1.4683383670346362e-35 -2.957271983520244e-10 0.0 -9.723371057073889e-21 -1.0227602482818557e-20 -1.9950973539892446e-20
0.8999999999999999 3.6299222974766575e-09 1.750160396338738e-24 3.629922297476659e-09 0.1 0.0 0.0 0.0 0.0 -3.6299222978316036e-09 -2.5999029313407923e-35 -3.6299222978316036e-09 0.0 -9.726640503279434e-21 -1.000460679389741e-20 -1.9731247297176845e-20
0.8999999999999999 4.017694008147876e-08 1.7502181454690857e-24 4.017694008147876e-08 0.2 0.0 0.0 0.0 0.0 -4.0176940082239697e-08 -8.319587717952036e-35 -4.0176940082239697e-08 0.0 -9.730934573271822e-21 -1.0049206585449287e-20 -1.978014115872111e-20
0.8999999999999999 3.3224144157016837e-07 1.7510560069458673e-24 3.3224144157016837e-07 0.30000000000000004 0.0 0.0 0.0 0.0 -3.3224144157067384e-07 -4.67681282712926e-34 -3.3224144157067384e-07 0.0 -9.741747720071863e-21 -1.0103385261887141e-20 -1.9845132981959003e-20
0.8999999999999999 1.5838514213321911e-06 1.754824983938679e-24 1.5838514213321911e-06 0.4 0.0 0.0 0.0 0.0 -1.583851421331885e-06 -2.0575713846468823e-33 -1.583851421331885e-06 0.0 -9.776106764953957e-21 -1.0175859646654878e-20 -1.9951966411608835e-20
0.8999999999999999 4.481869448933093e-06 1.7636489039699743e-24 4.481869448933093e-06 0.5 0.0 0.0 0.0 0.0 -4.481869448933286e-06 -5.709544503733231e-33 -4.481869448933286e-06 0.0 -9.849693912194533e-21 -1.011560325772019e-20 -1.9965297169914723e-20
0.8999999999999999 9.134292111076909e-06 1.7779314087152193e-24 9.134292111076909e-06 0.6 0.0 0.0 0.0 0.0 -9.1342921110771e-06 -1.1575918404355197e-32 -9.1342921110771e-06 0.0 -9.962626045683053e-21 -1.0359989806126004e-20 -2.0322615851809056e-20
0.8999999999999999 1.5344322885590986e-05 1.7971787626260593e-24 1.5344322885590986e-05 0.7 0.0 0.0 0.0 0.0 -1.5344322885589818e-05 -1.9441722897048073e-32 -1.5344322885589818e-05 0.0 -1.0106666288430175e-20 -1.0432058952188847e-20 -2.0538725240619023e-20
0.8999999999999999 2.2872827646973197e-05 1.8207782849996574e-24 2.2872827646973197e-05 0.7999999999999999 0.0 0.0 0.0 0.0 -2.2872827646972086e-05 -2.904024199116754e-32 -2.2872827646972086e-05 0.0 -1.0272508191253945e-20 -1.0593049662293711e-20 -2.0865557853547655e-20
0.8999999999999999 3.151102814504029e-05 1.8482064780646147e-24 3.151102814504029e-05 0.8999999999999999 0.0 0.0 0.0 0.0 -3.1511028145039844e-05 -4.013708358173803e-32 -3.1511028145039844e-05 0.0 -1.0452061800499427e-20 -1.0729521191151282e-20 -2.118158299165071e-20
0.8999999999999999 4.1077567715502043e-05 1.8790113048193936e-24 4.1077567715502043e-05 0.9999999999999999 0.0 0.0 0.0 0.0 -4.1077567715501617e-05 -5.252276730940934e-32 -4.1077567715501617e-05 0.0 -1.0638630189228997e-20 -1.0821775954721538e-20 -2.1460406143950535e-20
0.9999999999999999 2.7900235433763208e-11 1.750490064459605e-24 2.790023543376496e-11 -0.1 0.0 0.0 0.0 0.0 -2.7900223558373986e-11 -1.1618334998360712e-35 -2.7900223558373986e-11 0.0 -1.027367778724983e-20 -1.1293241293918959e-20 -2.1566919081168788e-20
0.9999999999999999 3.5308285789593754e-10 1.750434897435583e-24 3.530828578959393e-10 0.0 0.0 0.0 0.0 0.0 -3.5308284440986323e-10 -1.7834580463072177e-35 -3.5308284440986323e-10 0.0 -1.0276947940717165e-20 -1.1156273798845881e-20 -2.1433221739563046e-20
0.9999999999999999 4.279432442969002e-09 1.7503915418283495e-24 4.279432442969004e-09 0.1 0.0 0.0 0.0 0.0 -4.279432430767598e-09 -3.1033842014371004e-35 -4.279432430767598e-09 0.0 -1.0280458667575384e-20 -1.0999301110380977e-20 -2.127975977795636e-20
0.9999999999999999 4.646146240492574e-08 1.7504656887932442e-24 4.646146240492574e-08 0.2 0.0 0.0 0.0 0.0 -4.6461462392046126e-08 -9.703697179106523e-35 -4.6461462392046126e-08 0.0 -1.0285072841977665e-20 -1.0965240540174244e-20 -2.125031338215191e-20
0.9999999999999999 3.724996471313705e-07 1.7514065534637382e-24 3.724996471313705e-07 0.30000000000000004 0.0 0.0 0.0 0.0 -3.7249964711889004e-07 -5.270054518722657e-34 -3.7249964711889004e-07 0.0 -1.0296723708268966e-20 -1.0993413678069702e-20 -2.129013738633867e-20
0.9999999999999999 1.7210530940325363e-06 1.7554718592525584e-24 1.7210530940325363e-06 0.4 0.0 0.0 0.0 0.0 -1.721053094017992e-06 -2.2432390273674977e-33 -1.721053094017992e-06 0.0 -1.0332942475237162e-20 -1.105413068155652e-20 -2.1387073156793682e-20
0.9999999999999999 4.779607814398773e-06 1.764791241233425e-24 4.779607814398773e-06 0.5 0.0 0.0 0.0 0.0 -4.779607814384437e-06 -6.105282348347446e-33 -4.779607814384437e-06 0.0 -1.04090647994324e-20 -1.1204017898343318e-20 -2.1613082697775718e-20
0.9999999999999999 9.646562854310798e-06 1.779745884287448e-24 9.646562854310798e-06 0.6 0.0 0.0 0.0 0.0 -9.646562854297157e-06 -1.2256512235747602e-32 -9.646562854297157e-06 0.0 -1.0524778898651422e-20 -1.1096732303770535e-20 -2.1621511202421957e-20
0.9999999999999999 1.6119448141480816e-05 1.799833098258781e-24 1.6119448141480816e-05 0.7 0.0 0.0 0.0 0.0 -1.6119448141468957e-05 -2.047802429854968e-32 -1.6119448141468957e-05 0.0 -1.067162531906262e-20 -1.1367458252399593e-20 -2.2039083571462214e-20
0.9999999999999999 2.395535714751716e-05 1.8244375670890044e-24 2.395535714751716e-05 0.7999999999999999 0.0 0.0 0.0 0.0 -2.395535714750503e-05 -3.050136935928809e-32 -2.395535714750503e-05 0.0 -1.0840157713216508e-20 -1.158330421664828e-20 -2.242346192986479e-20
0.9999999999999999 3.2945342446558134e-05 1.853044541920825e-24 3.2945342446558134e-05 0.8999999999999999 0.0 0.0 0.0 0.0 -3.2945342446546154e-05 -4.209463073643251e-32 -3.2945342446546154e-05 0.0 -1.1022236603459309e-20 -1.1667070409122198e-20 -2.2689307012581506e-20
0.9999999999999999 4.291485294654084e-05 1.8852334259104912e-24 4.291485294654084e-05 0.9999999999999999 0.0 0.0 0.0 0.0 -4.2914852946525295e-05 -5.505946051163586e-32 -4.2914852946525295e-05 0.0 -1.121125324245768e-20 -1.1779028655152125e-20 -2.2990281897609804e-20
1.0999999999999999 3.348889815004529e-11 1.75071685863478e-24 3.3488898150047044e-11 -0.1 0.0 0.0 0.0 0.0 -3.348889875738753e-11 -1.4308441181602823e-35 -3.348889875738753e-11 0.0 -1.0844283364238036e-20 -1.2383786165759563e-20 -2.32280695299976e-20
1.0999999999999999 4.196218328275956e-10 1.750660995728867e-24 4.196218328275974e-10 0.0 0.0 0.0 0.0 0.0 -4.196218321658731e-10 -2.161092390943931e-35 -4.196218321658731e-10 0.0 -1.0847830068083328e-20 -1.204178282171391e-20 -2.288961288979724e-20
1.0999999999999999 5.021629386115072e-09 1.7506188414420883e-24 5.021629386115074e-09 0.1 0.0 0.0 0.0 0.0 -5.0216293848566684e-09 -3.691908591242503e-35 -5.0216293848566684e-09 0.0 -1.0851617842520758e-20 -1.1848362106570758e-20 -2.2699979949091516e-20
1.0999999999999999 5.347324555947516e-08 1.7507113033965496e-24 5.347324555947516e-08 0.2 0.0 0.0 0.0 0.0 -5.347324556031809e-08 -1.1274646421212163e-34 -5.347324556031809e-08 0.0 -1.0856601301961251e-20 -1.187672235243615e-20 -2.27333236543974e-20
1.0999999999999999 4.157042912589439e-07 1.7517619734485155e-24 4.157042912589439e-07 0.30000000000000004 0.0 0.0 0.0 0.0 -4.157042912582205e-07 -5.913898506930026e-34 -4.157042912582205e-07 0.0 -1.0869158566978462e-20 -1.1914262980595962e-20 -2.2783421547574423e-20
1.0999999999999999 1.8626615985490984e-06 1.7561282844035328e-24 1.8626615985490984e-06 0.4 0.0 0.0 0.0 0.0 -1.8626615985491414e-06 -2.436594048500905e-33 -1.8626615985491414e-06 0.0 -1.090723126393184e-20 -1.1929207950899639e-20 -2.2836439214831478e-20
1.0999999999999999 5.078338856147953e-06 1.7659332476105084e-24 5.078338856147953e-06 0.5 0.0 0.0 0.0 0.0 -5.0783388561486234e-06 -6.505797650751146e-33 -5.0783388561486234e-06 0.0 -1.0985698069239515e-20 -1.2122768510059279e-20 -2.3108466579298795e-20
1.0999999999999999 1.0150399770298109e-05 1.7815319827803373e-24 1.0150399770298109e-05 0.6 0.0 0.0 0.0 0.0 -1.0150399770298785e-05 -1.293209959474206e-32 -1.0150399770298785e-05 0.0 -1.1103812020795334e-20 -1.2211984866245452e-20 -2.3315796887040786e-20
1.0999999999999999 1.6871203507711708e-05 1.802414016741362e-24 1.6871203507711708e-05 0.7 0.0 0.0 0.0 0.0 -1.687120350770974e-05 -2.1493331659752785e-32 -1.687120350770974e-05 0.0 -1.1252934259508694e-20 -1.2343770439848111e-20 -2.3596704699356805e-20
1.0999999999999999 2.4994395664781353e-05 1.827961883413408e-24 2.4994395664781353e-05 0.7999999999999999 0.0 0.0 0.0 0.0 -2.4994395664783423e-05 -3.1919617529811455e-32 -2.4994395664783423e-05 0.0 -1.1423518203972038e-20 -1.2423273594350239e-20 -2.3846791798322275e-20
1.0999999999999999 3.430967904757295e-05 1.8576651858975787e-24 3.430967904757295e-05 0.8999999999999999 0.0 0.0 0.0 0.0 -3.4309679047572024e-05 -4.3979859051131767e-32 -3.4309679047572024e-05 0.0 -1.1607379972566313e-20 -1.259808598981129e-20 -2.4205465962377605e-20
1.0999999999999999 4.464550351817268e-05 1.8911215980528628e-24 4.464550351817268e-05 0.9999999999999999 0.0 0.0 0.0 0.0 -4.464550351817333e-05 -5.748165642610234e-32 -4.464550351817333e-05 0.0 -1.1797953536138886e-20 -1.267116506428916e-20 -2.4469118600428045e-20
1.2 4.004662128331546e-11 1.750940017466321e-24 4.004662128331721e-11 -0.1 0.0 0.0 0.0 0.0 -4.004662245548069e-11 -1.763380341456647e-35 -4.004662245548069e-11 0.0 -1.1432353808199985e-20 -1.3280194531751457e-20 -2.471254833995144e-20
1.2 4.967876677116533e-10 1.7508834868445113e-24 4.96787667711655e-10 0.0 0.0 0.0 0.0 0.0 -4.967876672009574e-10 -2.613961653290805e-35 -4.967876672009574e-10 0.0 -1.1436210781838243e-20 -1.2941428336966762e-20 -2.4377639118805005e-20
1.2 5.869574448269171e-09 1.75084280317231e-24 5.869574448269172e-09 0.1 0.0 0.0 0.0 0.0 -5.869574448165573e-09 -4.3833181501171075e-35 -5.869574448165573e-09 0.0 -1.1440313216673312e-20 -1.2888261171914593e-20 -2.4328574388587905e-20
1.2 6.129468151908916e-08 1.7509557062505427e-24 6.129468151908916e-08 0.2 0.0 0.0 0.0 0.0 -6.12946815194639e-08 -1.3060555086653947e-34 -6.12946815194639e-08 0.0 -1.144571640771704e-20 -1.2856061251451355e-20 -2.4301777659168393e-20
1.2 4.6208160933074337e-07 1.7521234235822167e-24 4.6208160933074337e-07 0.30000000000000004 0.0 0.0 0.0 0.0 -4.6208160933155864e-07 -6.613668245993652e-34 -4.6208160933155864e-07 0.0 -1.1459246935539746e-20 -1.280683840615489e-20 -2.4266085341694637e-20
1.2 2.0091344882665415e-06 1.7567961377665207e-24 2.0091344882665415e-06 0.4 0.0 0.0 0.0 0.0 -2.00913448826497e-06 -2.638560828624091e-33 -2.00913448826497e-06 0.0 -1.1499167010750943e-20 -1.2919654624499653e-20 -2.4418821635250596e-20
1.2 5.3793506163495825e-06 1.7670793641690436e-24 5.3793506163495825e-06 0.5 0.0 0.0 0.0 0.0 -5.379350616350199e-06 -6.913216650621962e-33 -5.379350616350199e-06 0.0 -1.157980979744976e-20 -1.2984774068017406e-20 -2.4564583865467167e-20
1.2 1.0648772547699653e-05 1.7832993254282542e-24 1.0648772547699653e-05 0.6 0.0 0.0 0.0 0.0 -1.0648772547698784e-05 -1.360714328325919e-32 -1.0648772547698784e-05 0.0 -1.1699994347186256e-20 -1.3148616255459317e-20 -2.4848610602645572e-20
1.2 1.760506070532142e-05 1.8049388743197362e-24 1.760506070532142e-05 0.7 0.0 0.0 0.0 0.0 -1.7605060705321786e-05 -2.2495500579796026e-32 -1.7605060705321786e-05 0.0 -1.1850941282515755e-20 -1.3112601598355873e-20 -2.496354288087163e-20
1.2 2.5998924480170054e-05 1.83137952782843e-24 2.5998924480170054e-05 0.7999999999999999 0.0 0.0 0.0 0.0 -2.599892448016848e-05 -3.33075914568326e-32 -2.599892448016848e-05 0.0 -1.2023043073200644e-20 -1.3394285432387004e-20 -2.5417328505587648e-20
1.2 3.561835710785506e-05 1.8621135586205704e-24 3.561835710785506e-05 0.8999999999999999 0.0 0.0 0.0 0.0 -3.5618357107854684e-05 -4.581258385443744e-32 -3.5618357107854684e-05 0.0 -1.2208089321338428e-20 -1.351941354006095e-20 -2.5727502861399378e-20
1.2 4.629279187580002e-05 1.896749716868693e-24 4.629279187580002e-05 0.9999999999999999 0.0 0.0 0.0 0.0 -4.62927918757998e-05 -5.982114981284342e-32 -4.62927918757998e-05 0.0 -1.239954096629989e-20 -1.3706950488412746e-20 -2.6106491454712638e-20
1.3 4.7737486994357515e-11 1.751159909177899e-24 4.7737486994359266e-11 -0.1 0.0 0.0 0.0 0.0 -4.773748486614179e-11 -2.1740745565125238e-35 -4.773748486614179e-11 0.0 -1.2037945639347595e-20 -1.41485721924968e-20 -2.6186517831844397e-20
1.3 5.862384518744644e-10 1.7511027677920272e-24 5.862384518744662e-10 0.0 0.0 0.0 0.0 0.0 -5.862384516140508e-10 -3.1596136486712964e-35 -5.862384516140508e-10 0.0 -1.2042148140963753e-20 -1.3942222832615965e-20 -2.5984370973579718e-20
1.3 6.837941691541192e-09 1.7510638846859946e-24 6.837941691541193e-09 0.1 0.0 0.0 0.0 0.0 -6.837941691280509e-09 -5.195625107401513e-35 -6.837941691280509e-09 0.0 -1.2046604093885908e-20 -1.375664297909902e-20 -2.5803247072984927e-20
1.3 7.001405093445107e-08 1.7511995893199795e-24 7.001405093445107e-08 0.2 0.0 0.0 0.0 0.0 -7.001405093354096e-08 -1.5093062541257578e-34 -7.001405093354096e-08 0.0 -1.2052478310945741e-20 -1.3664129625842492e-20 -2.5716607936788233e-20
1.3 5.118498960800855e-07 1.752491997068776e-24 5.118498960800855e-07 0.30000000000000004 0.0 0.0 0.0 0.0 -5.118498960805257e-07 -7.375050782269206e-34 -5.118498960805257e-07 0.0 -1.206704695148505e-20 -1.364779380909707e-20 -2.571484076058212e-20
1.3 2.160847086482624e-06 1.7574770050237883e-24 2.160847086482624e-06 0.4 0.0 0.0 0.0 0.0 -2.1608470864833713e-06 -2.85005276460709e-33 -2.1608470864833713e-06 0.0 -1.2108806402943293e-20 -1.375223237888279e-20 -2.586103878182608e-20
1.3 5.6836387290297184e-06 1.7682330939243234e-24 5.6836387290297184e-06 0.5 0.0 0.0 0.0 0.0 -5.6836387290313126e-06 -7.329405190283369e-33 -5.6836387290313126e-06 0.0 -1.2191473950226035e-20 -1.3890008921169614e-20 -2.608148287139565e-20
1.3 1.1143978399399106e-05 1.7850554308390867e-24 1.1143978399399106e-05 0.6 0.0 0.0 0.0 0.0 -1.1143978399396633e-05 -1.4285367364276614e-32 -1.1143978399396633e-05 0.0 -1.2313441925953523e-20 -1.404142474929531e-20 -2.6354866675248833e-20
1.3 1.832524691534746e-05 1.807421165362773e-24 1.832524691534746e-05 0.7 0.0 0.0 0.0 0.0 -1.832524691534697e-05 -2.349098269200016e-32 -1.832524691534697e-05 0.0 -1.2465824995689002e-20 -1.402797200858374e-20 -2.649379700427274e-20
1.3 2.6975766640632343e-05 1.8347120929129617e-24 2.6975766640632343e-05 0.7999999999999999 0.0 0.0 0.0 0.0 -2.6975766640632208e-05 -3.467540131221884e-32 -2.6975766640632208e-05 0.0 -1.2638990927259248e-20 -1.422111693287859e-20 -2.686010786013784e-20
1.3 3.688185600912915e-05 1.8664227981724252e-24 3.688185600912915e-05 0.8999999999999999 0.0 0.0 0.0 0.0 -3.688185600913009e-05 -4.760798315829256e-32 -3.688185600913009e-05 0.0 -1.282472521777808e-20 -1.440166152774739e-20 -2.722638674552547e-20
1.3 4.7872926111993475e-05 1.902169314312296e-24 4.7872926111993475e-05 0.9999999999999999 0.0 0.0 0.0 0.0 -4.7872926111992573e-05 -6.210104164631969e-32 -4.7872926111992573e-05 0.0 -1.3016515622049608e-20 -1.4558219568330204e-20 -2.7574735190379815e-20
1.4 5.675277309823631e-11 1.75137684602934e-24 5.675277309823806e-11 -0.1 0.0 0.0 0.0 0.0 -5.6752771005772985e-11 -2.685019947515232e-35 -5.6752771005772985e-11 0.0 -1.2661148960354824e-20 -1.4956981544383783e-20 -2.7618130504738606e-20
1.4 6.898786089754831e-10 1.7513191755318348e-24 6.898786089754848e-10 0.0 0.0 0.0 0.0 0.0 -6.898786080535374e-10 -3.8156938998508777e-35 -6.898786080535374e-10 0.0 -1.2665733569394532e-20 -1.4823071823624843e-20 -2.7488805393019373e-20
1.4 7.943214045821977e-09 1.751282491929035e-24 7.943214045821979e-09 0.1 0.0 0.0 0.0 0.0 -7.9432140482772e-09 -6.153162526496043e-35 -7.9432140482772e-09 0.0 -1.2670582988101097e-20 -1.4600262007440704e-20 -2.7270844995541805e-20
1.4 7.972595040882818e-08 1.7514436197018977e-24 7.972595040882818e-08 0.2 0.0 0.0 0.0 0.0 -7.97259504112289e-08 -1.7410623351593772e-34 -7.97259504112289e-08 0.0 -1.267698035258375e-20 -1.460354276717423e-20 -2.728052311975798e-20
1.4 5.652213188967798e-07 1.752868736946156e-24 5.652213188967798e-07 0.30000000000000004 0.0 0.0 0.0 0.0 -5.652213188969538e-07 -8.20406183189605e-34 -5.652213188969538e-07 0.0 -1.2692649923634684e-20 -1.4519075356125213e-20 -2.7211725279759896e-20
1.4 2.3181120490813354e-06 1.758172252327621e-24 2.3181120490813354e-06 0.4 0.0 0.0 0.0 0.0 -2.318112049082326e-06 -3.071925187926793e-33 -2.318112049082326e-06 0.0 -1.27362387064979e-20 -1.4597067842609858e-20 -2.733330654910776e-20
1.4 5.991980615782702e-06 1.769397241542608e-24 5.991980615782702e-06 0.5 0.0 0.0 0.0 0.0 -5.9919806157807146e-06 -7.756041408531771e-33 -5.9919806157807146e-06 0.0 -1.2820793011296468e-20 -1.4736573944133036e-20 -2.75573669554295e-20
1.4 1.1637817065808226e-05 1.786806260567477e-24 1.1637817065808226e-05 0.6 0.0 0.0 0.0 0.0 -1.1637817065810429e-05 -1.4970022245348563e-32 -1.1637817065810429e-05 0.0 -1.294429062157962e-20 -1.4877617035241674e-20 -2.7821907656821296e-20
1.4 1.9035090337956604e-05 1.8098715907945257e-24 1.9035090337956604e-05 0.7 0.0 0.0 0.0 0.0 -1.9035090337952146e-05 -2.448528817534571e-32 -1.9035090337952146e-05 0.0 -1.3097770936357621e-20 -1.5004607406204283e-20 -2.81023783425619e-20
1.4 2.7930256659034712e-05 1.8379765469573567e-24 2.7930256659034712e-05 0.7999999999999999 0.0 0.0 0.0 0.0 -2.793025665903535e-05 -3.6031522969209976e-32 -2.793025665903535e-05 0.0 -1.3271609373811023e-20 -1.507757510196611e-20 -2.834918447577713e-20
1.4 3.810817185293881e-05 1.8706182814961316e-24 3.810817185293881e-05 0.8999999999999999 0.0 0.0 0.0 0.0 -3.8108171852938186e-05 -4.937844040293488e-32 -3.8108171852938186e-05 0.0 -1.345761036400523e-20 -1.5318507675428786e-20 -2.8776118039434016e-20
1.4 4.939778186114203e-05 1.9074182209464685e-24 4.939778186114203e-05 0.9999999999999999 0.0 0.0 0.0 0.0 -4.9397781861141966e-05 -6.433929068347186e-32 -4.9397781861141966e-05 0.0 -1.3649296056333408e-20 -1.5366382786888242e-20 -2.901567884322165e-20
1.5 6.731541709520198e-11 1.7515910938847416e-24 6.731541709520374e-11 -0.1 0.0 0.0 0.0 0.0 -6.73154191694619e-11 -3.325870019784792e-35 -6.73154191694619e-11 0.0 -1.3302279394421629e-20 -1.5932578001438008e-20 -2.9234857395859635e-20
1.5 8.09894773883815e-10 1.7515329955898292e-24 8.098947738838168e-10 0.0 0.0 0.0 0.0 0.0 -8.098947733716213e-10 -4.6103477034788915e-35 -8.098947733716213e-10 0.0 -1.3307284240422637e-20 -1.5700734483706558e-20 -2.9008018724129193e-20
1.5 9.2038935690917e-09 1.7514989799139932e-24 9.203893569091702e-09 0.1 0.0 0.0 0.0 0.0 -9.203893572195603e-09 -7.282711861490981e-35 -9.203893572195603e-09 0.0 -1.3312568459275215e-20 -1.5625689815540104e-20 -2.893825827481532e-20
1.5 9.053163151050066e-08 1.7516884313466213e-24 9.053163151050066e-08 0.2 0.0 0.0 0.0 0.0 -9.053163151031835e-08 -2.0055213325573376e-34 -9.053163151031835e-08 0.0 -1.3319542305846265e-20 -1.541559805673117e-20 -2.873514036257743e-20
1.5 6.224029672295243e-07 1.7532546307116143e-24 6.224029672295243e-07 0.30000000000000004 0.0 0.0 0.0 0.0 -6.224029672279595e-07 -9.107313710784527e-34 -6.224029672279595e-07 0.0 -1.3336373826116631e-20 -1.54508752380884e-20 -2.878724906420503e-20
1.5 2.4811932014725964e-06 1.7588830687529652e-24 2.4811932014725964e-06 0.4 0.0 0.0 0.0 0.0 -2.481193201475511e-06 -3.3051162832820045e-33 -2.481193201475511e-06 0.0 -1.3381779481063678e-20 -1.5567107467234316e-20 -2.8948886948297997e-20
1.5 6.304987806427459e-06 1.7705740786881647e-24 6.304987806427459e-06 0.5 0.0 0.0 0.0 0.0 -6.304987806426102e-06 -8.194713758090787e-33 -6.304987806426102e-06 0.0 -1.3468092477141013e-20 -1.5638517943031736e-20 -2.910661042017275e-20
1.5 1.2131710467338298e-05 1.788556589521812e-24 1.2131710467338298e-05 0.6 0.0 0.0 0.0 0.0 -1.213171046733696e-05 -1.5664028800120715e-32 -1.213171046733696e-05 0.0 -1.3592892206040348e-20 -1.5693758402269158e-20 -2.928665060830951e-20
1.5 1.9737245565711202e-05 1.812298751095303e-24 1.9737245565711202e-05 0.7 0.0 0.0 0.0 0.0 -1.973724556571339e-05 -2.5483308987025773e-32 -1.973724556571339e-05 0.0 -1.3747170261397343e-20 -1.5839009716776916e-20 -2.958617997817426e-20
1.5 2.886665108620491e-05 1.8411865018169426e-24 2.886665108620491e-05 0.7999999999999999 0.0 0.0 0.0 0.0 -2.886665108620338e-05 -3.738334277611813e-32 -2.886665108620338e-05 0.0 -1.3921338137608497e-20 -1.6045570746221776e-20 -2.996690888383027e-20
1.5 3.930359768944163e-05 1.8747200609311303e-24 3.930359768944163e-05 0.8999999999999999 0.0 0.0 0.0 0.0 -3.930359768944387e-05 -5.113450226815266e-32 -3.930359768944387e-05 0.0 -1.4107241056481846e-20 -1.6186540037124638e-20 -3.029378109360648e-20
1.5 5.0876425001850565e-05 1.9125253906006018e-24 5.0876425001850565e-05 0.9999999999999999 0.0 0.0 0.0 0.0 -5.087642500184744e-05 -6.655063612027357e-32 -5.087642500184744e-05 0.0 -1.42984465230043e-20 -1.6288311276070494e-20 -3.0586757799074793e-20
1.5999999999999999 7.96850927944001e-11 1.7518028761482478e-24 7.968509279440186e-11 -0.1 0.0 0.0 0.0 0.0 -7.968512189487394e-11 -4.130679956760935e-35 -7.968512189487394e-11 0.0 -1.3962019993571256e-20 -1.6758674201545268e-20 -3.072069419511652e-20
1.5999999999999999 9.487962212553886e-10 1.75174446746245e-24 9.487962212553903e-10 0.0 0.0 0.0 0.0 0.0 -9.487962489350365e-10 -5.573046878105864e-35 -9.487962489350365e-10 0.0 -1.396748537018582e-20 -1.6662331401999444e-20 -3.062981677218527e-20
1.5999999999999999 1.0640729407790495e-08 1.751713657717068e-24 1.0640729407790497e-08 0.1 0.0 0.0 0.0 0.0 -1.0640729431785775e-08 -8.617688711425979e-35 -1.0640729431785775e-08 0.0 -1.3973247780157585e-20 -1.6331003239345768e-20 -3.0304251019503356e-20
1.5999999999999999 1.0253928696208552e-07 1.7519346219534225e-24 1.0253928696208552e-07 0.2 0.0 0.0 0.0 0.0 -1.0253928698926601e-07 -2.30771150469306e-34 -1.0253928698926601e-07 0.0 -1.3980853360817958e-20 -1.637482037924116e-20 -3.035567374005912e-20
1.5999999999999999 6.835975249481457e-07 1.7536505989501825e-24 6.835975249481457e-07 0.30000000000000004 0.0 0.0 0.0 0.0 -6.835975249767338e-07 -1.0092253308311174e-33 -6.835975249767338e-07 0.0 -1.3998906497194408e-20 -1.6364156654981494e-20 -3.03630631521759e-20
1.5999999999999999 2.650315974489779e-06 1.7596104854878445e-24 2.650315974489779e-06 0.4 0.0 0.0 0.0 0.0 -2.6503159745119924e-06 -3.550563152892513e-33 -2.6503159745119924e-06 0.0 -1.4046114065619385e-20 -1.631483599130076e-20 -3.036095005692014e-20
1.5999999999999999 6.623145122622482e-06 1.7717654596761978e-24 6.623145122622482e-06 0.5 0.0 0.0 0.0 0.0 -6.623145122647513e-06 -8.646981467021457e-33 -6.623145122647513e-06 0.0 -1.413406517792306e-20 -1.648150646904288e-20 -3.061557164696594e-20
1.5999999999999999 1.2626790406335718e-05 1.7903102750699232e-24 1.2626790406335718e-05 0.6 0.0 0.0 0.0 0.0 -1.2626790406359212e-05 -1.637012168383878e-32 -1.2626790406359212e-05 0.0 -1.4259960214316424e-20 -1.6585643152929945e-20 -3.084560336724637e-20
1.5999999999999999 2.0433850566695688e-05 1.8147096272523312e-24 2.0433850566695688e-05 0.7 0.0 0.0 0.0 0.0 -2.0433850566720076e-05 -2.6489515449227374e-32 -2.0433850566720076e-05 0.0 -1.4414767825164775e-20 -1.6884198334677946e-20 -3.1298966159842723e-20
1.5999999999999999 2.978839694050059e-05 1.8443530378168846e-24 2.978839694050059e-05 0.7999999999999999 0.0 0.0 0.0 0.0 -2.9788396940524876e-05 -3.873753007484048e-32 -2.9788396940524876e-05 0.0 -1.4588960448225327e-20 -1.6896830198172182e-20 -3.148579064639751e-20
1.5999999999999999 4.047320226222839e-05 1.8787443526204075e-24 4.047320226222839e-05 0.8999999999999999 0.0 0.0 0.0 0.0 -4.047320226225329e-05 -5.288552872885545e-32 -4.047320226225329e-05 0.0 -1.4774444034708508e-20 -1.6999453129289817e-20 -3.177389716399833e-20
1.5999999999999999 5.2316009318093225e-05 1.9175137374605193e-24 5.2316009318093225e-05 0.9999999999999999 0.0 0.0 0.0 0.0 -5.231600931811984e-05 -6.874786140030892e-32 -5.231600931811984e-05 0.0 -1.496484339378353e-20 -1.7181340807992273e-20 -3.21461842017758e-20
1.7 9.416421533609387e-11 1.7520123784987683e-24 9.416421533609563e-11 -0.1 0.0 0.0 0.0 0.0 -9.416418811575387e-11 -5.149737036493632e-35 -9.416418811575387e-11 0.0 -1.4641471573149358e-20 -1.767207994083535e-20 -3.231355151398471e-20
1.7 1.1094605261415072e-09 1.7519537881151414e-24 1.1094605261415088e-09 0.0 0.0 0.0 0.0 0.0 -1.1094605004426175e-09 -6.743356425596538e-35 -1.1094605004426175e-09 0.0 -1.4647440728491984e-20 -1.754365114082552e-20 -3.2191091869317505e-20
1.7 1.2276966267532209e-08 1.7519267939942427e-24 1.227696626753221e-08 0.1 0.0 0.0 0.0 0.0 -1.2276966236646777e-08 -1.0199133966385288e-34 -1.2276966236646777e-08 0.0 -1.4653727599144495e-20 -1.738314907897954e-20 -3.203687667812404e-20
1.7 1.1586431974786985e-07 1.7521827576685494e-24 1.1586431974786985e-07 0.2 0.0 0.0 0.0 0.0 -1.1586431972048144e-07 -2.6533664388517297e-34 -1.1586431972048144e-07 0.0 -1.466202286650928e-20 -1.7177440832317563e-20 -3.1839463698826845e-20
1.7 7.490038581296745e-07 1.7540574928248485e-24 7.490038581296745e-07 0.30000000000000004 0.0 0.0 0.0 0.0 -7.49003858103992e-07 -1.1166787148037733e-33 -7.49003858103992e-07 0.0 -1.4681356399090937e-20 -1.7226491525570165e-20 -3.1907847924661105e-20
1.7 2.8256756530690272e-06 1.7603553875075208e-24 2.8256756530690272e-06 0.4 0.0 0.0 0.0 0.0 -2.8256756530426087e-06 -3.8092973090708707e-33 -2.8256756530426087e-06 0.0 -1.4730348524007913e-20 -1.7315656099627786e-20 -3.2046004623635696e-20
1.7 6.946840657160587e-06 1.772972900538756e-24 6.946840657160587e-06 0.5 0.0 0.0 0.0 0.0 -6.946840657135003e-06 -9.114445693264821e-33 -6.946840657135003e-06 0.0 -1.4819822983431282e-20 -1.743879569415529e-20 -3.2258618677586575e-20
1.7 1.3123965211946728e-05 1.792070456547048e-24 1.3123965211946728e-05 0.6 0.0 0.0 0.0 0.0 -1.3123965211920207e-05 -1.709097971989379e-32 -1.3123965211920207e-05 0.0 -1.4946623097043732e-20 -1.7526528329642514e-20 -3.2473151426686246e-20
1.7 2.1126641961112687e-05 1.817109934179533e-24 2.1126641961112687e-05 0.7 0.0 0.0 0.0 0.0 -2.1126641961085057e-05 -2.7508118877624047e-32 -2.1126641961085057e-05 0.0 -1.510171734014056e-20 -1.7686189327598287e-20 -3.278790666773885e-20
1.7 3.069831660642884e-05 1.8474852720565242e-24 3.069831660642884e-05 0.7999999999999999 0.0 0.0 0.0 0.0 -3.069831660640452e-05 -4.010030152528345e-32 -3.069831660640452e-05 0.0 -1.527566090309827e-20 -1.7860593493249992e-20 -3.313625439634826e-20
1.7 4.16211381609618e-05 1.8827044914125947e-24 4.16211381609618e-05 0.8999999999999999 0.0 0.0 0.0 0.0 -4.162113816093598e-05 -5.464012680262425e-32 -4.162113816093598e-05 0.0 -1.5460438323928274e-20 -1.7969459418391366e-20 -3.3429897742319644e-20
1.7 5.3722328561127813e-05 1.9224018750749423e-24 5.3722328561127813e-05 0.9999999999999999 0.0 0.0 0.0 0.0 -5.3722328561101894e-05 -7.094243239047969e-32 -5.3722328561101894e-05 0.0 -1.564974338648905e-20 -1.8089313874144108e-20 -3.373905726063316e-20
1.8 1.1110421646884213e-10 1.7522197595589417e-24 1.1110421646884389e-10 -0.1 0.0 0.0 0.0 0.0 -1.1110424173248392e-10 -6.450436610029133e-35 -1.1110424173248392e-10 0.0 -1.53421154688094e-20 -1.8697638033391925e-20 -3.403975350220132e-20
1.8 1.2951839634158663e-09 1.7521611186297964e-24 1.295183963415868e-09 0.0 0.0 0.0 0.0 0.0 -1.295183991818714e-09 -8.169708606889122e-35 -1.295183991818714e-09 0.0 -1.5348635262225446e-20 -1.8455992241625855e-20 -3.38046275038513e-20
1.8 1.4138609472479391e-08 1.752138622966087e-24 1.4138609472479393e-08 0.1 0.0 0.0 0.0 0.0 -1.4138609498359307e-08 -1.2078000142939704e-34 -1.4138609498359307e-08 0.0 -1.5355496409768242e-20 -1.8205576679233938e-20 -3.356107308900218e-20
1.8 1.3062957670917846e-07 1.7524333804399974e-24 1.3062957670917846e-07 0.2 0.0 0.0 0.0 0.0 -1.306295767315217e-07 -3.0491580483868744e-34 -1.306295767315217e-07 0.0 -1.5364542582203856e-20 -1.823122331308742e-20 -3.359576589529127e-20
1.8 8.188175749239186e-07 1.754476101589667e-24 8.188175749239186e-07 0.30000000000000004 0.0 0.0 0.0 0.0 -8.188175749488761e-07 -1.2340055155701356e-33 -8.188175749488761e-07 0.0 -1.5385214637172475e-20 -1.811776796064235e-20 -3.3502982597814823e-20
1.8 3.0074440204011504e-06 1.7611185316713994e-24 3.0074440204011504e-06 0.4 0.0 0.0 0.0 0.0 -3.007444020428202e-06 -4.082461455114997e-33 -3.007444020428202e-06 0.0 -1.5435971656006936e-20 -1.825738048360833e-20 -3.3693352139615267e-20
1.8 7.2763885880034085e-06 1.774197637999496e-24 7.2763885880034085e-06 0.5 0.0 0.0 0.0 0.0 -7.276388588031784e-06 -9.598772111172884e-33 -7.276388588031784e-06 0.0 -1.5526859356238597e-20 -1.8314521964515745e-20 -3.384138132075434e-20
1.8 1.3623970390636831e-05 1.793839700636038e-24 1.3623970390636831e-05 0.6 0.0 0.0 0.0 0.0 -1.3623970390660965e-05 -1.782926760335728e-32 -1.3623970390660965e-05 0.0 -1.565438796563975e-20 -1.8318334553257895e-20 -3.397272251889764e-20
1.8 2.181704199976431e-05 1.8195043850767326e-24 2.181704199976431e-05 0.7 0.0 0.0 0.0 0.0 -2.181704199978997e-05 -2.8543243556321817e-32 -2.181704199978997e-05 0.0 -1.5809546815442126e-20 -1.860448698690955e-20 -3.4414033802351675e-20
1.8 3.159874102937379e-05 1.850590769661537e-24 3.159874102937379e-05 0.7999999999999999 0.0 0.0 0.0 0.0 -3.159874102940305e-05 -4.147760274209294e-32 -3.159874102940305e-05 0.0 -1.598299305718383e-20 -1.860223560821958e-20 -3.4585228665403413e-20
1.8 4.275084807007515e-05 1.8866115707565077e-24 4.275084807007515e-05 0.8999999999999999 0.0 0.0 0.0 0.0 -4.2750848070102915e-05 -5.640645215190673e-32 -4.2750848070102915e-05 0.0 -1.6166805720140667e-20 -1.8873561295852324e-20 -3.5040367015992994e-20
1.8 5.510016561358418e-05 1.927205213321455e-24 5.510016561358418e-05 0.9999999999999999 0.0 0.0 0.0 0.0 -5.5100165613612353e-05 -7.314509907424278e-32 -5.5100165613612353e-05 0.0 -1.635475839124583e-20 -1.9005016280929025e-20 -3.535977467217486e-20
1.9 1.3091396507011736e-10 1.7524251679567955e-24 1.3091396507011912e-10 -0.1 0.0 0.0 0.0 0.0 -1.309139630462718e-10 -8.12669975255846e-35 -1.309139630462718e-10 0.0 -1.606572069361009e-20 -1.9420802306056803e-20 -3.548652299966689e-20
1.9 1.5097388592280239e-09 1.752366597368332e-24 1.5097388592280255e-09 0.0 0.0 0.0 0.0 0.0 -1.5097388574957337e-09 -9.918281731705237e-35 -1.5097388574957337e-09 0.0 -1.6072841853803456e-20 -1.922587152733866e-20 -3.529871338114212e-20
1.9 1.6254701142449312e-08 1.7523493541283302e-24 1.6254701142449316e-08 0.1 0.0 0.0 0.0 0.0 -1.6254701145435854e-08 -1.4311794065171718e-34 -1.6254701145435854e-08 0.0 -1.6080330906934924e-20 -1.9119194494331128e-20 -3.519952540126605e-20
1.9 1.4696547300016135e-07 1.7526870160027066e-24 1.4696547300016135e-07 0.2 0.0 0.0 0.0 0.0 -1.4696547300072597e-07 -3.502821945479671e-34 -1.4696547300072597e-07 0.0 -1.6090192606716295e-20 -1.8951353642068847e-20 -3.504154624878514e-20
1.9 8.932313545297571e-07 1.7549071626306324e-24 8.932313545297571e-07 0.30000000000000004 0.0 0.0 0.0 0.0 -8.93231354530266e-07 -1.3622408170266877e-33 -8.93231354530266e-07 0.0 -1.6112260513073334e-20 -1.9087713966382183e-20 -3.519997447945552e-20
1.9 3.1957745675217297e-06 1.761900570757581e-24 3.1957745675217297e-06 0.4 0.0 0.0 0.0 0.0 -3.195774567518264e-06 -4.3713185973314034e-33 -3.195774567518264e-06 0.0 -1.6164760413774005e-20 -1.9000107594662294e-20 -3.51648680084363e-20
1.9 7.612046468764907e-06 1.7754406829191375e-24 7.612046468764907e-06 0.5 0.0 0.0 0.0 0.0 -7.612046468765973e-06 -1.0101783241151504e-32 -7.612046468765973e-06 0.0 -1.6256955089969258e-20 -1.920920926476057e-20 -3.5466164354729827e-20
1.9 1.4127406848014161e-05 1.7956201113263822e-24 1.4127406848014161e-05 0.6 0.0 0.0 0.0 0.0 -1.4127406848015795e-05 -1.8587754302836992e-32 -1.4127406848015795e-05 0.0 -1.638504719255169e-20 -1.9265921499357883e-20 -3.565096869190957e-20
1.9 2.250622479033742e-05 1.821896888604109e-24 2.250622479033742e-05 0.7 0.0 0.0 0.0 0.0 -2.250622479034071e-05 -2.9599023860994294e-32 -2.250622479034071e-05 0.0 -1.65400664488314e-20 -1.9318187863630326e-20 -3.585825431246172e-20
1.9 3.2491609750803164e-05 1.8536758517649097e-24 3.2491609750803164e-05 0.7999999999999999 0.0 0.0 0.0 0.0 -3.249160975080159e-05 -4.287530255867952e-32 -3.249160975080159e-05 0.0 -1.6712788927546464e-20 -1.9619129745107077e-20 -3.633191867265354e-20
1.9 4.38652100884123e-05 1.8904748955731233e-24 4.38652100884123e-05 0.8999999999999999 0.0 0.0 0.0 0.0 -4.386521008841355e-05 -5.819242394200329e-32 -4.386521008841355e-05 0.0 -1.6895402294416986e-20 -1.9760713205626936e-20 -3.6656115500043925e-20
1.9 5.645352010050362e-05 1.9319366735210618e-24 5.645352010050362e-05 0.9999999999999999 0.0 0.0 0.0 0.0 -5.645352010050667e-05 -7.536615870233889e-32 -5.645352010050667e-05 0.0 -1.708176978062963e-20 -1.9899162346249067e-20 -3.6980932126878697e-20
2.0 1.5406803521388306e-10 1.752628760986137e-24 1.5406803521388482e-10 -0.1 0.0 0.0 0.0 0.0 -1.540680352215551e-10 -1.0311458999742076e-34 -1.540680352215551e-10 0.0 -1.6814231770902037e-20 -2.0517342133403178e-20 -3.7331573904305215e-20
2.0 1.7574361990284312e-09 1.7525703589327912e-24 1.7574361990284329e-09 0.0 0.0 0.0 0.0 0.0 -1.7574361999998506e-09 -1.2072659564895237e-34 -1.7574361999998506e-09 0.0 -1.6822008682570928e-20 -2.008543348915774e-20 -3.6907442171728665e-20
2.0 1.8657601366328577e-08 1.752559187839925e-24 1.865760136632858e-08 0.1 0.0 0.0 0.0 0.0 -1.8657601368728866e-08 -1.6972731917774612e-34 -1.8657601368728866e-08 0.0 -1.683018289020525e-20 -2.0116545087876318e-20 -3.694672797808157e-20
2.0 1.650099390750433e-07 1.752944184352084e-24 1.650099390750433e-07 0.2 0.0 0.0 0.0 0.0 -1.65009939073612e-07 -4.0235145809546045e-34 -1.65009939073612e-07 0.0 -1.6840927839516615e-20 -1.9716292995632176e-20 -3.655722083514879e-20
2.0 9.72434774252595e-07 1.7553513702456107e-24 9.72434774252595e-07 0.30000000000000004 0.0 0.0 0.0 0.0 -9.72434774251999e-07 -1.502536827432664e-33 -9.72434774251999e-07 0.0 -1.6864447650298343e-20 -1.9874069906546564e-20 -3.673851755684491e-20
2.0 3.3908061532490535e-06 1.7627020751867634e-24 3.3908061532490535e-06 0.4 0.0 0.0 0.0 0.0 -3.390806153248882e-06 -4.677316445607326e-33 -3.390806153248882e-06 0.0 -1.69186659104874e-20 -2.001899988663576e-20 -3.693766579712316e-20
2.0 7.954028357009929e-06 1.7767028700256385e-24 7.954028357009929e-06 0.5 0.0 0.0 0.0 0.0 -7.954028357011198e-06 -1.0625460274727168e-32 -7.954028357011198e-06 0.0 -1.7012064528154287e-20 -1.998723859120157e-20 -3.6999303119355854e-20
2.0 1.4634770169612238e-05 1.7974134223891364e-24 1.4634770169612238e-05 0.6 0.0 0.0 0.0 0.0 -1.463477016961101e-05 -1.9369388448710803e-32 -1.463477016961101e-05 0.0 -1.714056521260604e-20 -2.0168901656681897e-20 -3.730946686928794e-20
2.0 2.3195167337722215e-05 1.8242907017634137e-24 2.3195167337722215e-05 0.7 0.0 0.0 0.0 0.0 -2.319516733772043e-05 -3.067973987404316e-32 -2.319516733772043e-05 0.0 -1.729525631567263e-20 -2.0333090549899547e-20 -3.762834686557218e-20
2.0 3.3378548616208375e-05 1.856745831922057e-24 3.3378548616208375e-05 0.7999999999999999 0.0 0.0 0.0 0.0 -3.337854861620638e-05 -4.4299329448929086e-32 -3.337854861620638e-05 0.0 -1.7467047795041796e-20 -2.0561382818955465e-20 -3.802843061399726e-20
2.0 4.496664731084968e-05 1.894302323400789e-24 4.496664731084968e-05 0.8999999999999999 0.0 0.0 0.0 0.0 -4.496664731084881e-05 -6.000593614842292e-32 -4.496664731084881e-05 0.0 -1.764824849241537e-20 -2.058828933691047e-20 -3.823653782932584e-20
2.0 5.7785765795641896e-05 1.9366071841561265e-24 5.7785765795641896e-05 0.9999999999999999 0.0 0.0 0.0 0.0 -5.778576579564207e-05 -7.761579190505868e-32 -5.778576579564207e-05 0.0 -1.7832820165413375e-20 -2.0740953951201457e-20 -3.8573774116614834e-20
